inst/exdata/CTDtoBTD/old/SBE19_CTD8106_0094_raw.cnv
* Sea-Bird SBE19plus  Data File:
* FileName = C:\CTD_Data_Files\Seabird19Ops\SBE19_CTD8106_Hauls_Test1_sSaltwater_24March2021_xml_0001.hex
* Software version 2.8.0.119
* Temperature SN = 8106
* Conductivity SN = 8106
* System UpLoad Time = Mar 24 2021 17:09:19
* <ApplicationData>
* <Seaterm232>
# nquan = 6
# nvalues = 1505                                  
# units = specified
# name 0 = timeS: Time, Elapsed [seconds]
# name 1 = depSM: Depth [salt water, m], lat = 47.00
# name 2 = tv290C: Temperature [ITS-90, deg C]
# name 3 = prdM: Pressure, Strain Gauge [db]
# name 4 = c0S/m: Conductivity [S/m]
# name 5 = flag:  0.000e+00
# span 0 =      0.000,    376.000                 
# span 1 =     -0.148,      0.872                 
# span 2 =     8.6765,    14.3363                 
# span 3 =     -0.149,      0.879                 
# span 4 =  -0.065920,   3.002464                 
# span 5 = 0.0000e+00, 0.0000e+00                 
# interval = seconds: 0.25
# start_time = Mar 24 2021 15:35:26 [Instrument's time stamp, header]
# bad_flag = -9.990e-29
*END*
[from data line 717]
    179.250      0.828     8.7080      0.835   2.995570  0.000e+00
    179.500      0.837     8.7015      0.844   2.995483  0.000e+00
    179.750      0.840     8.6973      0.847   2.995552  0.000e+00
    180.000      0.840     8.6948      0.847   2.995552  0.000e+00
    180.250      0.840     8.6961      0.847   2.995372  0.000e+00
    180.500      0.834     8.6984      0.841   2.995372  0.000e+00
    180.750      0.831     8.6963      0.838   2.995552  0.000e+00
    181.000      0.825     8.6934      0.832   2.995880  0.000e+00
    181.250      0.825     8.6918      0.832   2.995638  0.000e+00
    181.500      0.825     8.6915      0.832   2.995459  0.000e+00
    181.750      0.825     8.6922      0.832   2.995260  0.000e+00
    182.000      0.828     8.6952      0.835   2.995217  0.000e+00
    182.250      0.828     8.7010      0.835   2.995328  0.000e+00
    182.500      0.828     8.7067      0.835   2.995483  0.000e+00
    182.750      0.822     8.7103      0.829   2.995595  0.000e+00
    183.000      0.828     8.7117      0.835   2.995483  0.000e+00
    183.250      0.822     8.7126      0.829   2.995347  0.000e+00
    183.500      0.828     8.7129      0.835   2.995440  0.000e+00
    183.750      0.828     8.7116      0.835   2.995595  0.000e+00
    184.000      0.828     8.7107      0.835   2.995638  0.000e+00
    184.250      0.819     8.7108      0.826   2.995663  0.000e+00
    184.500      0.825     8.7103      0.832   2.995595  0.000e+00
    184.750      0.822     8.7103      0.829   2.995551  0.000e+00
    185.000      0.822     8.7139      0.829   2.995595  0.000e+00
    185.250      0.825     8.7192      0.832   2.995502  0.000e+00
    185.500      0.837     8.7204      0.844   2.995173  0.000e+00
    185.750      0.840     8.7192      0.847   2.995012  0.000e+00
    186.000      0.843     8.7199      0.850   2.994746  0.000e+00
    186.250      0.837     8.7192      0.844   2.994479  0.000e+00
    186.500      0.837     8.7143      0.844   2.994634  0.000e+00
    186.750      0.834     8.7082      0.841   2.994771  0.000e+00
    187.000      0.831     8.7056      0.838   2.994839  0.000e+00
    187.250      0.828     8.7073      0.835   2.994789  0.000e+00
    187.500      0.828     8.7095      0.835   2.994659  0.000e+00
    187.750      0.831     8.7102      0.838   2.994814  0.000e+00
    188.000      0.834     8.7096      0.841   2.994969  0.000e+00
    188.250      0.834     8.7084      0.841   2.994969  0.000e+00
    188.500      0.834     8.7048      0.841   2.994839  0.000e+00
    188.750      0.831     8.7025      0.838   2.994727  0.000e+00
    189.000      0.834     8.7018      0.841   2.994771  0.000e+00
    189.250      0.840     8.7000      0.847   2.994814  0.000e+00
    189.500      0.837     8.6965      0.844   2.994771  0.000e+00
    189.750      0.837     8.6929      0.844   2.994634  0.000e+00
    190.000      0.834     8.6912      0.841   2.994659  0.000e+00
    190.250      0.831     8.6922      0.838   2.994858  0.000e+00
    190.500      0.825     8.6960      0.832   2.995192  0.000e+00
    190.750      0.828     8.7041      0.835   2.995638  0.000e+00
    191.000      0.825     8.7123      0.832   2.995836  0.000e+00
    191.250      0.831     8.7215      0.838   2.995929  0.000e+00
    191.500      0.831     8.7320      0.838   2.995973  0.000e+00
    191.750      0.840     8.7396      0.847   2.995929  0.000e+00
    192.000      0.837     8.7387      0.844   2.995774  0.000e+00
    192.250      0.834     8.7287      0.841   2.995836  0.000e+00
    192.500      0.822     8.7230      0.829   2.995948  0.000e+00
    192.750      0.819     8.7218      0.826   2.995570  0.000e+00
    193.000      0.813     8.7167      0.820   2.995458  0.000e+00
    193.250      0.825     8.7172      0.832   2.995483  0.000e+00
    193.500      0.822     8.7215      0.829   2.995750  0.000e+00
    193.750      0.825     8.7236      0.832   2.995836  0.000e+00
    194.000      0.825     8.7247      0.832   2.995861  0.000e+00
    194.250      0.822     8.7240      0.829   2.995706  0.000e+00
    194.500      0.825     8.7230      0.832   2.996016  0.000e+00
    194.750      0.825     8.7240      0.832   2.996307  0.000e+00
    195.000      0.819     8.7279      0.826   2.996283  0.000e+00
    195.250      0.825     8.7295      0.832   2.996016  0.000e+00
    195.500      0.828     8.7273      0.835   2.995613  0.000e+00
    195.750      0.828     8.7269      0.835   2.995347  0.000e+00
    196.000      0.831     8.7176      0.838   2.995217  0.000e+00
    196.250      0.831     8.7097      0.838   2.995260  0.000e+00
    196.500      0.828     8.7103      0.835   2.995483  0.000e+00
    196.750      0.822     8.7096      0.829   2.995483  0.000e+00
    197.000      0.828     8.7072      0.835   2.995595  0.000e+00
    197.250      0.831     8.7010      0.838   2.995440  0.000e+00
    197.500      0.834     8.6967      0.841   2.995105  0.000e+00
    197.750      0.840     8.6987      0.847   2.994839  0.000e+00
    198.000      0.840     8.6988      0.847   2.994771  0.000e+00
    198.250      0.831     8.6977      0.838   2.994969  0.000e+00
    198.500      0.831     8.6981      0.838   2.995459  0.000e+00
    198.750      0.834     8.6978      0.841   2.995440  0.000e+00
    199.000      0.834     8.7009      0.841   2.995415  0.000e+00
    199.250      0.831     8.7049      0.838   2.995260  0.000e+00
    199.500      0.831     8.7069      0.838   2.995235  0.000e+00
    199.750      0.837     8.7073      0.844   2.995217  0.000e+00
    200.000      0.831     8.7061      0.838   2.995527  0.000e+00
    200.250      0.840     8.7072      0.847   2.995793  0.000e+00
    200.500      0.837     8.7110      0.844   2.995725  0.000e+00
    200.750      0.840     8.7142      0.847   2.995793  0.000e+00
    201.000      0.837     8.7161      0.844   2.995793  0.000e+00
    201.250      0.840     8.7153      0.847   2.995595  0.000e+00
    201.500      0.837     8.7137      0.844   2.995570  0.000e+00
    201.750      0.840     8.7119      0.847   2.995818  0.000e+00
    202.000      0.834     8.7104      0.841   2.995861  0.000e+00
    202.250      0.831     8.7146      0.838   2.996060  0.000e+00
    202.500      0.828     8.7241      0.835   2.996307  0.000e+00
    202.750      0.831     8.7320      0.838   2.995725  0.000e+00
    203.000      0.828     8.7298      0.835   2.995502  0.000e+00
    203.250      0.828     8.7278      0.835   2.996041  0.000e+00
    203.500      0.828     8.7349      0.835   2.996487  0.000e+00
    203.750      0.825     8.7393      0.832   2.995706  0.000e+00
    204.000      0.822     8.7335      0.829   2.995235  0.000e+00
    204.250      0.816     8.7302      0.823   2.995328  0.000e+00
    204.500      0.813     8.7323      0.820   2.995663  0.000e+00
    204.750      0.813     8.7330      0.820   2.996171  0.000e+00
    205.000      0.822     8.7392      0.829   2.996214  0.000e+00
    205.250      0.822     8.7480      0.829   2.995594  0.000e+00
    205.500      0.825     8.7462      0.832   2.995278  0.000e+00
    205.750      0.828     8.7391      0.835   2.994993  0.000e+00
    206.000      0.828     8.7290      0.835   2.994746  0.000e+00
    206.250      0.822     8.7172      0.829   2.994702  0.000e+00
    206.500      0.822     8.7117      0.829   2.994702  0.000e+00
    206.750      0.813     8.7119      0.820   2.994548  0.000e+00
    207.000      0.819     8.7187      0.826   2.994746  0.000e+00
    207.250      0.819     8.7280      0.826   2.995012  0.000e+00
    207.500      0.819     8.7266      0.826   2.995012  0.000e+00
    207.750      0.825     8.7218      0.832   2.994950  0.000e+00
    208.000      0.832     8.7220      0.838   2.994702  0.000e+00
    208.250      0.841     8.7188      0.848   2.994591  0.000e+00
    208.500      0.841     8.7090      0.848   2.994368  0.000e+00
    208.750      0.838     8.7014      0.845   2.994325  0.000e+00
    209.000      0.832     8.6970      0.838   2.994300  0.000e+00
    209.250      0.832     8.6948      0.838   2.994077  0.000e+00
    209.500      0.832     8.6984      0.839   2.993990  0.000e+00
    209.750      0.823     8.7023      0.829   2.994213  0.000e+00
    210.000      0.829     8.7060      0.835   2.994281  0.000e+00
    210.250      0.829     8.7090      0.835   2.994479  0.000e+00
    210.500      0.838     8.7091      0.845   2.994455  0.000e+00
    210.750      0.841     8.7093      0.848   2.994393  0.000e+00
    211.000      0.841     8.7078      0.848   2.994455  0.000e+00
    211.250      0.835     8.7079      0.842   2.994616  0.000e+00
    211.500      0.832     8.7097      0.839   2.994839  0.000e+00
    211.750      0.826     8.7178      0.832   2.994746  0.000e+00
    212.000      0.823     8.7223      0.829   2.994547  0.000e+00
    212.250      0.820     8.7237      0.826   2.993965  0.000e+00
    212.500      0.820     8.7224      0.826   2.994058  0.000e+00
    212.750      0.826     8.7216      0.832   2.994300  0.000e+00
    213.000      0.826     8.7217      0.832   2.994454  0.000e+00
    213.250      0.829     8.7222      0.836   2.994634  0.000e+00
    213.500      0.823     8.7238      0.829   2.994882  0.000e+00
    213.750      0.823     8.7296      0.829   2.995012  0.000e+00
    214.000      0.820     8.7359      0.826   2.994839  0.000e+00
    214.250      0.820     8.7378      0.826   2.995217  0.000e+00
    214.500      0.820     8.7323      0.826   2.995037  0.000e+00
    214.750      0.820     8.7240      0.826   2.995217  0.000e+00
    215.000      0.820     8.7175      0.826   2.995458  0.000e+00
    215.250      0.814     8.7147      0.820   2.995012  0.000e+00
    215.500      0.817     8.7119      0.823   2.994256  0.000e+00
    215.750      0.820     8.7081      0.826   2.993947  0.000e+00
    216.000      0.817     8.7041      0.823   2.993792  0.000e+00
    216.250      0.823     8.7010      0.829   2.993612  0.000e+00
    216.500      0.820     8.6987      0.826   2.993457  0.000e+00
    216.750      0.829     8.6985      0.836   2.993302  0.000e+00
    217.000      0.817     8.7008      0.823   2.993364  0.000e+00
    217.250      0.817     8.7044      0.823   2.993209  0.000e+00
    217.500      0.817     8.7075      0.823   2.993166  0.000e+00
    217.750      0.820     8.7078      0.826   2.993011  0.000e+00
    218.000      0.820     8.7056      0.826   2.992986  0.000e+00
    218.250      0.823     8.7025      0.830   2.992943  0.000e+00
    218.500      0.814     8.6996      0.820   2.993036  0.000e+00
    218.750      0.811     8.6973      0.817   2.993166  0.000e+00
    219.000      0.820     8.6968      0.826   2.993234  0.000e+00
    219.250      0.823     8.6978      0.830   2.993079  0.000e+00
    219.500      0.823     8.6969      0.830   2.992677  0.000e+00
    219.750      0.832     8.6953      0.839   2.992608  0.000e+00
    220.000      0.829     8.6952      0.836   2.992745  0.000e+00
    220.250      0.829     8.6948      0.836   2.993278  0.000e+00
    220.500      0.829     8.6934      0.836   2.993724  0.000e+00
    220.750      0.829     8.6924      0.836   2.993990  0.000e+00
    221.000      0.835     8.6912      0.842   2.994145  0.000e+00
    221.250      0.832     8.6900      0.839   2.994300  0.000e+00
    221.500      0.832     8.6892      0.839   2.994480  0.000e+00
    221.750      0.841     8.6890      0.848   2.994566  0.000e+00
    222.000      0.841     8.6893      0.848   2.994480  0.000e+00
    222.250      0.838     8.6894      0.845   2.994436  0.000e+00
    222.500      0.832     8.6896      0.839   2.994566  0.000e+00
    222.750      0.823     8.6899      0.830   2.994548  0.000e+00
    223.000      0.820     8.6915      0.827   2.994411  0.000e+00
    223.250      0.823     8.6927      0.830   2.994238  0.000e+00
    223.500      0.823     8.6928      0.830   2.994349  0.000e+00
    223.750      0.829     8.6920      0.836   2.994455  0.000e+00
    224.000      0.829     8.6906      0.836   2.994393  0.000e+00
    224.250      0.832     8.6894      0.839   2.994393  0.000e+00
    224.500      0.835     8.6884      0.842   2.994480  0.000e+00
    224.750      0.829     8.6875      0.836   2.994591  0.000e+00
    225.000      0.823     8.6879      0.830   2.994393  0.000e+00
    225.250      0.820     8.6896      0.827   2.994368  0.000e+00
    225.500      0.820     8.6920      0.827   2.994548  0.000e+00
    225.750      0.817     8.6945      0.824   2.994634  0.000e+00
    226.000      0.814     8.6956      0.821   2.994591  0.000e+00
    226.250      0.817     8.6958      0.824   2.994566  0.000e+00
    226.500      0.820     8.6963      0.827   2.994678  0.000e+00
    226.750      0.814     8.6989      0.821   2.994591  0.000e+00
    227.000      0.823     8.7011      0.830   2.994566  0.000e+00
    227.250      0.823     8.7005      0.830   2.994504  0.000e+00
    227.500      0.820     8.7002      0.827   2.994566  0.000e+00
    227.750      0.811     8.7001      0.818   2.994678  0.000e+00
    228.000      0.811     8.7004      0.818   2.994678  0.000e+00
    228.250      0.811     8.7010      0.818   2.994659  0.000e+00
    228.500      0.814     8.6997      0.821   2.994634  0.000e+00
    228.750      0.820     8.6988      0.827   2.994703  0.000e+00
    229.000      0.823     8.6989      0.830   2.994504  0.000e+00
    229.250      0.817     8.6980      0.824   2.994411  0.000e+00
    229.500      0.823     8.6942      0.830   2.994393  0.000e+00
    229.750      0.823     8.6891      0.830   2.994145  0.000e+00
    230.000      0.823     8.6850      0.830   2.993965  0.000e+00
    230.250      0.823     8.6835      0.830   2.993792  0.000e+00
    230.500      0.823     8.6843      0.830   2.993879  0.000e+00
    230.750      0.823     8.6872      0.830   2.994077  0.000e+00
    231.000      0.826     8.6899      0.833   2.994281  0.000e+00
    231.250      0.832     8.6901      0.839   2.994170  0.000e+00
    231.500      0.829     8.6907      0.836   2.994126  0.000e+00
    231.750      0.829     8.6924      0.836   2.994058  0.000e+00
    232.000      0.829     8.6925      0.836   2.994170  0.000e+00
    232.250      0.832     8.6909      0.839   2.994238  0.000e+00
    232.500      0.826     8.6897      0.833   2.994368  0.000e+00
    232.750      0.829     8.6922      0.836   2.994504  0.000e+00
    233.000      0.829     8.6961      0.836   2.994591  0.000e+00
    233.250      0.832     8.6977      0.839   2.994591  0.000e+00
    233.500      0.832     8.6973      0.839   2.994548  0.000e+00
    233.750      0.832     8.6960      0.839   2.994455  0.000e+00
    234.000      0.838     8.6948      0.845   2.994349  0.000e+00
    234.250      0.835     8.6925      0.842   2.994300  0.000e+00
    234.500      0.841     8.6908      0.848   2.994393  0.000e+00
    234.750      0.832     8.6894      0.839   2.994523  0.000e+00
    235.000      0.829     8.6901      0.836   2.994455  0.000e+00
    235.250      0.829     8.6944      0.836   2.994349  0.000e+00
    235.500      0.823     8.6965      0.830   2.994238  0.000e+00
    235.750      0.826     8.6972      0.833   2.994325  0.000e+00
    236.000      0.829     8.6965      0.836   2.994455  0.000e+00
    236.250      0.814     8.6967      0.821   2.994325  0.000e+00
    236.500      0.817     8.6958      0.824   2.994213  0.000e+00
    236.750      0.814     8.6979      0.821   2.994281  0.000e+00
    237.000      0.823     8.7007      0.830   2.994523  0.000e+00
    237.250      0.823     8.7033      0.830   2.994548  0.000e+00
    237.500      0.823     8.7031      0.830   2.994436  0.000e+00
    237.750      0.817     8.6988      0.824   2.994188  0.000e+00
    238.000      0.814     8.6955      0.821   2.994281  0.000e+00
    238.250      0.808     8.6928      0.815   2.994480  0.000e+00
    238.500      0.814     8.6941      0.821   2.994548  0.000e+00
