inst/exdata/CTDtoBTD/old/SBE19_CTD8106_0094_raw.cnv
* Sea-Bird SBE19plus  Data File:
* FileName = C:\CTD_Data_Files\Seabird19Ops\SBE19_CTD8106_Hauls_Test1_sSaltwater_24March2021_xml_0001.hex
* Software version 2.8.0.119
* Temperature SN = 8106
* Conductivity SN = 8106
* System UpLoad Time = Mar 24 2021 17:09:19
* <ApplicationData>
* <Seaterm232>
# nquan = 6
# nvalues = 1505                                  
# units = specified
# name 0 = timeS: Time, Elapsed [seconds]
# name 1 = depSM: Depth [salt water, m], lat = 47.00
# name 2 = tv290C: Temperature [ITS-90, deg C]
# name 3 = prdM: Pressure, Strain Gauge [db]
# name 4 = c0S/m: Conductivity [S/m]
# name 5 = flag:  0.000e+00
# span 0 =      0.000,    376.000                 
# span 1 =     -0.148,      0.872                 
# span 2 =     8.6765,    14.3363                 
# span 3 =     -0.149,      0.879                 
# span 4 =  -0.065920,   3.002464                 
# span 5 = 0.0000e+00, 0.0000e+00                 
# interval = seconds: 0.25
# start_time = Mar 24 2021 15:35:26 [Instrument's time stamp, header]
# bad_flag = -9.990e-29
*END*
      0.000     -0.126    14.3361     -0.127   0.000056  0.000e+00
      0.250     -0.126    14.3362     -0.127   0.000059  0.000e+00
      0.500     -0.132    14.3363     -0.134   0.000059  0.000e+00
      0.750     -0.126    14.3360     -0.127   0.000050  0.000e+00
      1.000     -0.129    14.3349     -0.131   0.000053  0.000e+00
      1.250     -0.126    14.3330     -0.127   0.000053  0.000e+00
      1.500     -0.126    14.3321     -0.127   0.000053  0.000e+00
      1.750     -0.123    14.3320     -0.124   0.000050  0.000e+00
      2.000     -0.129    14.3324     -0.131   0.000053  0.000e+00
      2.250     -0.132    14.3326     -0.134   0.000050  0.000e+00
      2.500     -0.132    14.3320     -0.134   0.000053  0.000e+00
      2.750     -0.132    14.3320     -0.134   0.000053  0.000e+00
      3.000     -0.129    14.3330     -0.131   0.000053  0.000e+00
      3.250     -0.135    14.3313     -0.137   0.000053  0.000e+00
      3.500     -0.132    14.3240     -0.134   0.000053  0.000e+00
      3.750     -0.139    14.3182     -0.140   0.000053  0.000e+00
      4.000     -0.135    14.3159     -0.137   0.000053  0.000e+00
      4.250     -0.142    14.3150     -0.143   0.000053  0.000e+00
      4.500     -0.139    14.3144     -0.140   0.000053  0.000e+00
      4.750     -0.135    14.3118     -0.137   0.000053  0.000e+00
      5.000     -0.139    14.3045     -0.140   0.000053  0.000e+00
      5.250     -0.139    14.2999     -0.140   0.000053  0.000e+00
      5.500     -0.142    14.2991     -0.143   0.000053  0.000e+00
      5.750     -0.129    14.3003     -0.131   0.000053  0.000e+00
      6.000     -0.036    14.2310     -0.036  -0.065920  0.000e+00
      6.250      0.097    13.0948      0.097   2.416449  0.000e+00
      6.500      0.199    11.6116      0.201   2.542372  0.000e+00
      6.750      0.263    10.5266      0.265   2.589177  0.000e+00
      7.000      0.296     9.8243      0.298   2.605286  0.000e+00
      7.250      0.302     9.4054      0.304   2.612678  0.000e+00
      7.500      0.311     9.1788      0.313   2.616179  0.000e+00
      7.750      0.317     9.0741      0.319   2.617777  0.000e+00
      8.000      0.320     9.0321      0.322   2.621975  0.000e+00
      8.250      0.317     9.0140      0.319   2.625833  0.000e+00
      8.500      0.317     9.0046      0.319   2.630821  0.000e+00
      8.750      0.320     9.0043      0.322   2.633266  0.000e+00
      9.000      0.317     9.0062      0.319   2.636834  0.000e+00
      9.250      0.323     9.0062      0.326   2.639713  0.000e+00
      9.500      0.344     9.0025      0.347   2.641061  0.000e+00
      9.750      0.344     8.9976      0.347   2.643563  0.000e+00
     10.000      0.347     8.9949      0.350   2.648131  0.000e+00
     10.250      0.335     8.9992      0.338   2.656493  0.000e+00
     10.500      0.338     9.0169      0.341   2.661537  0.000e+00
     10.750      0.338     9.0322      0.341   2.661952  0.000e+00
     11.000      0.335     9.0398      0.338   2.662717  0.000e+00
     11.250      0.341     9.0375      0.344   2.661851  0.000e+00
     11.500      0.338     9.0322      0.341   2.660737  0.000e+00
     11.750      0.332     9.0277      0.335   2.660737  0.000e+00
     12.000      0.338     9.0283      0.341   2.663975  0.000e+00
     12.250      0.326     9.0384      0.329   2.666680  0.000e+00
     12.500      0.314     9.0489      0.316   2.680626  0.000e+00
     12.750      0.308     9.0620      0.310   2.680609  0.000e+00
     13.000      0.302     9.0632      0.304   2.679443  0.000e+00
     13.250      0.278     9.0826      0.280   2.685063  0.000e+00
     13.500      0.223     9.1548      0.225   2.683272  0.000e+00
     13.750      0.205     9.3501      0.207   2.681730  0.000e+00
     14.000      0.269     9.4861      0.271   2.659867  0.000e+00
     14.250      0.344     9.4659      0.347   2.652703  0.000e+00
     14.500      0.398     9.3407      0.402   2.663165  0.000e+00
     14.750      0.468     9.2417      0.471   2.638753  0.000e+00
     15.000      0.531     9.1468      0.535   2.633974  0.000e+00
     15.250      0.555     9.0588      0.560   2.633714  0.000e+00
     15.500      0.718     8.9982      0.724   2.643090  0.000e+00
     15.750      0.796     8.9563      0.803   2.626099  0.000e+00
     16.000      0.838     8.9412      0.845   2.599901  0.000e+00
     16.250      0.860     8.9781      0.867   2.622300  0.000e+00
     16.500      0.866     9.0312      0.873   2.587828  0.000e+00
     16.750      0.872     9.1047      0.879   2.540882  0.000e+00
     17.000      0.869     9.1704      0.876   2.542159  0.000e+00
     17.250      0.860     9.2158      0.867   2.541884  0.000e+00
     17.500      0.857     9.2537      0.864   2.543925  0.000e+00
     17.750      0.841     9.2925      0.849   2.532286  0.000e+00
     18.000      0.838     9.3282      0.845   2.584827  0.000e+00
     18.250      0.851     9.3501      0.858   2.516412  0.000e+00
     18.500      0.854     9.3576      0.861   2.681331  0.000e+00
     18.750      0.860     9.3594      0.867   2.685935  0.000e+00
     19.000      0.860     9.3514      0.867   2.687078  0.000e+00
     19.250      0.854     9.3375      0.861   2.690643  0.000e+00
     19.500      0.854     9.3392      0.861   2.695640  0.000e+00
     19.750      0.848     9.3547      0.855   2.698774  0.000e+00
     20.000      0.851     9.3599      0.858   2.700032  0.000e+00
     20.250      0.851     9.3563      0.858   2.697266  0.000e+00
     20.500      0.848     9.3383      0.855   2.695324  0.000e+00
     20.750      0.857     9.3031      0.864   2.695491  0.000e+00
     21.000      0.854     9.2631      0.861   2.697059  0.000e+00
     21.250      0.860     9.2299      0.867   2.699991  0.000e+00
     21.500      0.854     9.2146      0.861   2.702287  0.000e+00
     21.750      0.857     9.2142      0.864   2.702466  0.000e+00
     22.000      0.857     9.2066      0.864   2.703259  0.000e+00
     22.250      0.857     9.1790      0.864   2.704249  0.000e+00
     22.500      0.863     9.1400      0.870   2.706021  0.000e+00
     22.750      0.854     9.1070      0.861   2.709286  0.000e+00
     23.000      0.851     9.0908      0.858   2.713137  0.000e+00
     23.250      0.854     9.0883      0.861   2.715490  0.000e+00
     23.500      0.844     9.0897      0.852   2.715789  0.000e+00
     23.750      0.845     9.0903      0.852   2.715012  0.000e+00
     24.000      0.854     9.0824      0.861   2.715789  0.000e+00
     24.250      0.863     9.0632      0.870   2.720067  0.000e+00
     24.500      0.860     9.0403      0.867   2.728441  0.000e+00
     24.750      0.866     9.0200      0.873   2.736189  0.000e+00
     25.000      0.860     9.0048      0.867   2.740869  0.000e+00
     25.250      0.857     8.9954      0.864   2.742722  0.000e+00
     25.500      0.854     8.9923      0.861   2.744215  0.000e+00
     25.750      0.857     8.9940      0.864   2.748096  0.000e+00
     26.000      0.857     8.9970      0.864   2.755456  0.000e+00
     26.250      0.854     8.9974      0.861   2.763671  0.000e+00
     26.500      0.857     8.9939      0.864   2.768067  0.000e+00
     26.750      0.860     8.9903      0.867   2.769150  0.000e+00
     27.000      0.857     8.9909      0.864   2.771907  0.000e+00
     27.250      0.860     8.9948      0.867   2.779459  0.000e+00
     27.500      0.863     8.9973      0.870   2.790011  0.000e+00
     27.750      0.863     8.9932      0.870   2.802270  0.000e+00
     28.000      0.860     8.9838      0.867   2.809260  0.000e+00
     28.250      0.857     8.9766      0.864   2.803896  0.000e+00
     28.500      0.851     8.9789      0.858   2.794459  0.000e+00
     28.750      0.860     8.9893      0.867   2.792817  0.000e+00
     29.000      0.860     8.9996      0.867   2.802904  0.000e+00
     29.250      0.857     9.0090      0.864   2.823732  0.000e+00
     29.500      0.854     9.0105      0.861   2.837970  0.000e+00
     29.750      0.854     8.9997      0.861   2.846185  0.000e+00
     30.000      0.854     8.9887      0.861   2.841056  0.000e+00
     30.250      0.854     8.9893      0.861   2.833363  0.000e+00
     30.500      0.851     9.0009      0.858   2.839653  0.000e+00
     30.750      0.851     9.0128      0.858   2.857147  0.000e+00
     31.000      0.854     9.0151      0.861   2.865735  0.000e+00
     31.250      0.854     9.0037      0.861   2.872296  0.000e+00
     31.500      0.851     8.9898      0.858   2.865571  0.000e+00
     31.750      0.851     8.9879      0.858   2.854615  0.000e+00
     32.000      0.848     8.9961      0.855   2.852990  0.000e+00
     32.250      0.851     9.0024      0.858   2.858943  0.000e+00
     32.500      0.851     9.0089      0.858   2.877080  0.000e+00
     32.750      0.848     9.0124      0.855   2.886467  0.000e+00
     33.000      0.848     9.0052      0.855   2.893589  0.000e+00
     33.250      0.854     8.9911      0.861   2.898221  0.000e+00
     33.500      0.857     8.9794      0.864   2.900499  0.000e+00
     33.750      0.851     8.9742      0.858   2.902905  0.000e+00
     34.000      0.848     8.9736      0.855   2.905233  0.000e+00
     34.250      0.848     8.9751      0.855   2.906973  0.000e+00
     34.500      0.851     8.9769      0.858   2.908266  0.000e+00
     34.750      0.848     8.9784      0.855   2.908590  0.000e+00
     35.000      0.848     8.9789      0.855   2.907512  0.000e+00
     35.250      0.851     8.9769      0.858   2.907898  0.000e+00
     35.500      0.854     8.9710      0.861   2.910184  0.000e+00
     35.750      0.854     8.9620      0.861   2.912728  0.000e+00
     36.000      0.854     8.9549      0.861   2.913789  0.000e+00
     36.250      0.851     8.9538      0.858   2.915169  0.000e+00
     36.500      0.854     8.9581      0.861   2.918869  0.000e+00
     36.750      0.857     8.9639      0.864   2.922570  0.000e+00
     37.000      0.854     8.9660      0.861   2.925217  0.000e+00
     37.250      0.854     8.9623      0.861   2.927404  0.000e+00
     37.500      0.854     8.9562      0.861   2.928166  0.000e+00
     37.750      0.851     8.9533      0.858   2.927711  0.000e+00
     38.000      0.857     8.9576      0.864   2.928516  0.000e+00
     38.250      0.857     8.9667      0.864   2.930034  0.000e+00
     38.500      0.857     8.9766      0.864   2.934447  0.000e+00
     38.750      0.863     8.9835      0.870   2.936384  0.000e+00
     39.000      0.863     8.9827      0.870   2.937670  0.000e+00
     39.250      0.860     8.9763      0.867   2.938193  0.000e+00
     39.500      0.857     8.9725      0.864   2.937276  0.000e+00
     39.750      0.851     8.9766      0.858   2.937215  0.000e+00
     40.000      0.851     8.9854      0.858   2.937842  0.000e+00
     40.250      0.848     8.9944      0.855   2.939897  0.000e+00
     40.500      0.845     9.0031      0.852   2.943953  0.000e+00
     40.750      0.860     9.0046      0.867   2.945332  0.000e+00
     41.000      0.854     8.9953      0.861   2.946114  0.000e+00
     41.250      0.851     8.9857      0.858   2.944852  0.000e+00
     41.500      0.851     8.9868      0.858   2.943824  0.000e+00
     41.750      0.851     8.9959      0.858   2.944630  0.000e+00
     42.000      0.851     9.0040      0.858   2.944587  0.000e+00
     42.250      0.845     9.0118      0.852   2.950383  0.000e+00
     42.500      0.857     9.0135      0.864   2.952115  0.000e+00
     42.750      0.860     9.0013      0.867   2.954457  0.000e+00
     43.000      0.857     8.9833      0.864   2.955117  0.000e+00
     43.250      0.857     8.9736      0.864   2.952750  0.000e+00
     43.500      0.857     8.9803      0.864   2.952269  0.000e+00
     43.750      0.845     8.9912      0.852   2.953539  0.000e+00
     44.000      0.848     8.9944      0.855   2.952442  0.000e+00
     44.250      0.848     8.9982      0.855   2.954500  0.000e+00
     44.500      0.854     9.0039      0.861   2.958539  0.000e+00
     44.750      0.863     9.0015      0.870   2.959532  0.000e+00
     45.000      0.863     8.9880      0.870   2.961137  0.000e+00
     45.250      0.854     8.9733      0.861   2.961445  0.000e+00
     45.500      0.854     8.9703      0.861   2.959946  0.000e+00
     45.750      0.854     8.9807      0.861   2.961069  0.000e+00
     46.000      0.848     8.9916      0.855   2.961643  0.000e+00
     46.250      0.851     8.9973      0.858   2.960279  0.000e+00
     46.500      0.854     9.0034      0.861   2.964173  0.000e+00
     46.750      0.854     9.0055      0.861   2.964944  0.000e+00
     47.000      0.854     8.9964      0.861   2.965975  0.000e+00
     47.250      0.845     8.9838      0.852   2.965142  0.000e+00
     47.500      0.845     8.9825      0.852   2.964766  0.000e+00
     47.750      0.842     8.9884      0.849   2.965494  0.000e+00
     48.000      0.836     8.9897      0.843   2.965426  0.000e+00
     48.250      0.833     8.9912      0.840   2.962519  0.000e+00
     48.500      0.836     8.9981      0.843   2.965556  0.000e+00
     48.750      0.839     9.0039      0.846   2.971509  0.000e+00
     49.000      0.845     8.9974      0.852   2.971756  0.000e+00
     49.250      0.854     8.9795      0.861   2.972195  0.000e+00
     49.500      0.857     8.9627      0.864   2.972968  0.000e+00
     49.750      0.848     8.9563      0.855   2.973654  0.000e+00
     50.000      0.848     8.9615      0.855   2.974958  0.000e+00
     50.250      0.848     8.9702      0.855   2.976571  0.000e+00
     50.500      0.848     8.9731      0.855   2.976392  0.000e+00
     50.750      0.845     8.9676      0.852   2.976083  0.000e+00
     51.000      0.851     8.9579      0.858   2.976373  0.000e+00
     51.250      0.851     8.9484      0.858   2.977078  0.000e+00
     51.500      0.851     8.9412      0.858   2.977833  0.000e+00
     51.750      0.854     8.9352      0.861   2.978538  0.000e+00
     52.000      0.854     8.9302      0.861   2.979472  0.000e+00
     52.250      0.857     8.9270      0.864   2.980579  0.000e+00
     52.500      0.857     8.9269      0.864   2.981816  0.000e+00
     52.750      0.854     8.9307      0.861   2.983059  0.000e+00
     53.000      0.851     8.9368      0.858   2.983678  0.000e+00
     53.250      0.851     8.9437      0.858   2.983480  0.000e+00
     53.500      0.854     8.9502      0.861   2.983127  0.000e+00
     53.750      0.848     8.9540      0.855   2.982546  0.000e+00
     54.000      0.857     8.9543      0.864   2.982793  0.000e+00
     54.250      0.854     8.9522      0.861   2.983523  0.000e+00
     54.500      0.851     8.9515      0.858   2.984390  0.000e+00
     54.750      0.854     8.9537      0.861   2.985343  0.000e+00
     55.000      0.857     8.9583      0.864   2.985986  0.000e+00
     55.250      0.863     8.9630      0.870   2.985231  0.000e+00
     55.500      0.857     8.9647      0.864   2.984408  0.000e+00
     55.750      0.860     8.9610      0.867   2.984476  0.000e+00
     56.000      0.857     8.9544      0.864   2.984569  0.000e+00
     56.250      0.848     8.9518      0.855   2.985943  0.000e+00
     56.500      0.842     8.9563      0.849   2.988915  0.000e+00
     56.750      0.845     8.9608      0.852   2.990048  0.000e+00
     57.000      0.845     8.9625      0.852   2.986921  0.000e+00
     57.250      0.845     8.9678      0.852   2.984854  0.000e+00
     57.500      0.854     8.9748      0.861   2.987138  0.000e+00
     57.750      0.860     8.9729      0.867   2.988692  0.000e+00
     58.000      0.854     8.9618      0.861   2.989497  0.000e+00
     58.250      0.845     8.9560      0.852   2.988828  0.000e+00
     58.500      0.848     8.9633      0.855   2.989763  0.000e+00
     58.750      0.845     8.9701      0.852   2.990295  0.000e+00
     59.000      0.842     8.9719      0.849   2.988097  0.000e+00
     59.250      0.842     8.9762      0.849   2.986853  0.000e+00
