inst/exdata/CTDtoBTD/old/SBE19_CTD8106_0094_raw.cnv
* Sea-Bird SBE19plus  Data File:
* FileName = C:\CTD_Data_Files\Seabird19Ops\SBE19_CTD8106_Hauls_Test1_sSaltwater_24March2021_xml_0001.hex
* Software version 2.8.0.119
* Temperature SN = 8106
* Conductivity SN = 8106
* System UpLoad Time = Mar 24 2021 17:09:19
* <ApplicationData>
* <Seaterm232>
# nquan = 6
# nvalues = 1505                                  
# units = specified
# name 0 = timeS: Time, Elapsed [seconds]
# name 1 = depSM: Depth [salt water, m], lat = 47.00
# name 2 = tv290C: Temperature [ITS-90, deg C]
# name 3 = prdM: Pressure, Strain Gauge [db]
# name 4 = c0S/m: Conductivity [S/m]
# name 5 = flag:  0.000e+00
# span 0 =      0.000,    376.000                 
# span 1 =     -0.148,      0.872                 
# span 2 =     8.6765,    14.3363                 
# span 3 =     -0.149,      0.879                 
# span 4 =  -0.065920,   3.002464                 
# span 5 = 0.0000e+00, 0.0000e+00                 
# interval = seconds: 0.25
# start_time = Mar 24 2021 15:35:26 [Instrument's time stamp, header]
# bad_flag = -9.990e-29
*END*
[from data line 1195]
    298.750      0.818     8.6851      0.825   2.995793  0.000e+00
    299.000      0.818     8.6839      0.825   2.995750  0.000e+00
    299.250      0.815     8.6831      0.822   2.995725  0.000e+00
    299.500      0.809     8.6831      0.816   2.995552  0.000e+00
    299.750      0.812     8.6858      0.819   2.995440  0.000e+00
    300.000      0.806     8.6872      0.813   2.995391  0.000e+00
    300.250      0.809     8.6883      0.816   2.995440  0.000e+00
    300.500      0.803     8.6896      0.810   2.995459  0.000e+00
    300.750      0.806     8.6918      0.813   2.995707  0.000e+00
    301.000      0.803     8.6922      0.810   2.995992  0.000e+00
    301.250      0.800     8.6969      0.807   2.996394  0.000e+00
    301.500      0.800     8.7050      0.807   2.996351  0.000e+00
    301.750      0.803     8.7116      0.810   2.996196  0.000e+00
    302.000      0.803     8.7125      0.810   2.995905  0.000e+00
    302.250      0.803     8.7062      0.810   2.995818  0.000e+00
    302.500      0.803     8.7008      0.810   2.995775  0.000e+00
    302.750      0.803     8.6984      0.810   2.995663  0.000e+00
    303.000      0.794     8.6958      0.801   2.995861  0.000e+00
    303.250      0.797     8.6986      0.804   2.996264  0.000e+00
    303.500      0.797     8.7020      0.804   2.996084  0.000e+00
    303.750      0.800     8.7072      0.807   2.995837  0.000e+00
    304.000      0.806     8.7044      0.813   2.995663  0.000e+00
    304.250      0.818     8.6963      0.825   2.995570  0.000e+00
    304.500      0.818     8.6896      0.825   2.995793  0.000e+00
    304.750      0.815     8.6850      0.822   2.995837  0.000e+00
    305.000      0.818     8.6826      0.825   2.995750  0.000e+00
    305.250      0.815     8.6831      0.822   2.995638  0.000e+00
    305.500      0.812     8.6850      0.819   2.995484  0.000e+00
    305.750      0.818     8.6864      0.825   2.995614  0.000e+00
    306.000      0.821     8.6861      0.828   2.995837  0.000e+00
    306.250      0.830     8.6846      0.837   2.996060  0.000e+00
    306.500      0.821     8.6843      0.828   2.996240  0.000e+00
    306.750      0.821     8.6847      0.828   2.996128  0.000e+00
    307.000      0.821     8.6847      0.828   2.995973  0.000e+00
    307.250      0.818     8.6850      0.825   2.995992  0.000e+00
    307.500      0.821     8.6851      0.828   2.996016  0.000e+00
    307.750      0.821     8.6844      0.828   2.996103  0.000e+00
    308.000      0.815     8.6847      0.822   2.996128  0.000e+00
    308.250      0.821     8.6862      0.828   2.996060  0.000e+00
    308.500      0.815     8.6879      0.822   2.996016  0.000e+00
    308.750      0.815     8.6908      0.822   2.996041  0.000e+00
    309.000      0.809     8.6956      0.816   2.996041  0.000e+00
    309.250      0.812     8.7000      0.819   2.995973  0.000e+00
    309.500      0.809     8.6990      0.816   2.995948  0.000e+00
    309.750      0.806     8.6973      0.813   2.996016  0.000e+00
    310.000      0.812     8.6993      0.819   2.996215  0.000e+00
    310.250      0.809     8.7021      0.816   2.996326  0.000e+00
    310.500      0.803     8.7027      0.810   2.996308  0.000e+00
    310.750      0.803     8.6991      0.810   2.996153  0.000e+00
    311.000      0.806     8.6953      0.813   2.996016  0.000e+00
    311.250      0.806     8.6930      0.813   2.995930  0.000e+00
    311.500      0.803     8.6920      0.810   2.996016  0.000e+00
    311.750      0.812     8.6910      0.819   2.996128  0.000e+00
    312.000      0.806     8.6893      0.813   2.996153  0.000e+00
    312.250      0.803     8.6865      0.810   2.996041  0.000e+00
    312.500      0.797     8.6857      0.804   2.996103  0.000e+00
    312.750      0.788     8.6866      0.795   2.996215  0.000e+00
    313.000      0.794     8.6867      0.801   2.996283  0.000e+00
    313.250      0.800     8.6867      0.807   2.996264  0.000e+00
    313.500      0.810     8.6905      0.816   2.996215  0.000e+00
    313.750      0.813     8.6890      0.819   2.996264  0.000e+00
    314.000      0.819     8.6857      0.825   2.996841  0.000e+00
    314.250      0.813     8.6823      0.819   2.996773  0.000e+00
    314.500      0.810     8.6797      0.816   2.996531  0.000e+00
    314.750      0.810     8.6786      0.816   2.996376  0.000e+00
    315.000      0.813     8.6783      0.819   2.996351  0.000e+00
    315.250      0.816     8.6797      0.822   2.996488  0.000e+00
    315.500      0.822     8.6808      0.828   2.996841  0.000e+00
    315.750      0.819     8.6802      0.825   2.997039  0.000e+00
    316.000      0.819     8.6796      0.825   2.997089  0.000e+00
    316.250      0.816     8.6801      0.822   2.996996  0.000e+00
    316.500      0.816     8.6803      0.822   2.996797  0.000e+00
    316.750      0.813     8.6805      0.819   2.996866  0.000e+00
    317.000      0.816     8.6828      0.822   2.996816  0.000e+00
    317.250      0.822     8.6856      0.829   2.997219  0.000e+00
    317.500      0.819     8.6854      0.825   2.997709  0.000e+00
    317.750      0.822     8.6835      0.829   2.998068  0.000e+00
    318.000      0.822     8.6820      0.829   2.997913  0.000e+00
    318.250      0.813     8.6816      0.819   2.997647  0.000e+00
    318.500      0.810     8.6827      0.816   2.997578  0.000e+00
    318.750      0.810     8.6829      0.816   2.997665  0.000e+00
    319.000      0.819     8.6822      0.826   2.997864  0.000e+00
    319.250      0.819     8.6815      0.826   2.998112  0.000e+00
    319.500      0.819     8.6811      0.826   2.998335  0.000e+00
    319.750      0.813     8.6809      0.819   2.998471  0.000e+00
    320.000      0.807     8.6808      0.813   2.997864  0.000e+00
    320.250      0.801     8.6810      0.807   2.997690  0.000e+00
    320.500      0.804     8.6812      0.810   2.998000  0.000e+00
    320.750      0.804     8.6815      0.810   2.998248  0.000e+00
    321.000      0.810     8.6811      0.816   2.998198  0.000e+00
    321.250      0.813     8.6814      0.819   2.998335  0.000e+00
    321.500      0.807     8.6829      0.813   2.998583  0.000e+00
    321.750      0.801     8.6850      0.807   2.998645  0.000e+00
    322.000      0.792     8.6858      0.798   2.998583  0.000e+00
    322.250      0.792     8.6862      0.798   2.998266  0.000e+00
    322.500      0.804     8.6874      0.810   2.998291  0.000e+00
    322.750      0.807     8.6876      0.813   2.998180  0.000e+00
    323.000      0.810     8.6881      0.816   2.997864  0.000e+00
    323.250      0.807     8.6879      0.813   2.998000  0.000e+00
    323.500      0.804     8.6887      0.810   2.998583  0.000e+00
    323.750      0.804     8.6895      0.810   2.998936  0.000e+00
    324.000      0.804     8.6881      0.810   2.999184  0.000e+00
    324.250      0.804     8.6866      0.810   2.999537  0.000e+00
    324.500      0.804     8.6860      0.810   3.000300  0.000e+00
    324.750      0.810     8.6857      0.816   3.000747  0.000e+00
    325.000      0.810     8.6855      0.817   3.000833  0.000e+00
    325.250      0.813     8.6833      0.820   3.000697  0.000e+00
    325.500      0.813     8.6807      0.820   3.000412  0.000e+00
    325.750      0.813     8.6786      0.820   3.000344  0.000e+00
    326.000      0.816     8.6774      0.823   3.000189  0.000e+00
    326.250      0.816     8.6767      0.823   2.999965  0.000e+00
    326.500      0.822     8.6765      0.829   2.999984  0.000e+00
    326.750      0.819     8.6766      0.826   3.000009  0.000e+00
    327.000      0.822     8.6771      0.829   3.000275  0.000e+00
    327.250      0.819     8.6780      0.826   3.000430  0.000e+00
    327.500      0.816     8.6802      0.823   3.000077  0.000e+00
    327.750      0.813     8.6822      0.820   2.999872  0.000e+00
    328.000      0.819     8.6849      0.826   2.999941  0.000e+00
    328.250      0.816     8.6854      0.823   2.999940  0.000e+00
    328.500      0.819     8.6846      0.826   2.999785  0.000e+00
    328.750      0.813     8.6846      0.820   2.999717  0.000e+00
    329.000      0.816     8.6844      0.823   2.999630  0.000e+00
    329.250      0.810     8.6829      0.817   2.999469  0.000e+00
    329.500      0.810     8.6824      0.817   2.999469  0.000e+00
    329.750      0.807     8.6825      0.814   2.999451  0.000e+00
    330.000      0.801     8.6831      0.808   2.999469  0.000e+00
    330.250      0.810     8.6838      0.817   2.999606  0.000e+00
    330.500      0.807     8.6853      0.814   2.999692  0.000e+00
    330.750      0.807     8.6880      0.814   2.999916  0.000e+00
    331.000      0.813     8.6933      0.820   3.000009  0.000e+00
    331.250      0.813     8.6949      0.820   3.000052  0.000e+00
    331.500      0.804     8.6942      0.811   3.000164  0.000e+00
    331.750      0.798     8.6939      0.805   3.000164  0.000e+00
    332.000      0.801     8.6943      0.808   2.999785  0.000e+00
    332.250      0.801     8.6944      0.808   2.999227  0.000e+00
    332.500      0.801     8.6949      0.808   2.999091  0.000e+00
    332.750      0.804     8.6962      0.811   2.999203  0.000e+00
    333.000      0.804     8.6958      0.811   2.998738  0.000e+00
    333.250      0.807     8.6936      0.814   2.998291  0.000e+00
    333.500      0.807     8.6927      0.814   2.998087  0.000e+00
    333.750      0.807     8.6919      0.814   2.998025  0.000e+00
    334.000      0.804     8.6912      0.811   2.998068  0.000e+00
    334.250      0.804     8.6905      0.811   2.997932  0.000e+00
    334.500      0.801     8.6910      0.808   2.997647  0.000e+00
    334.750      0.801     8.6925      0.808   2.997355  0.000e+00
    335.000      0.798     8.6942      0.805   2.997374  0.000e+00
    335.250      0.804     8.6960      0.811   2.997646  0.000e+00
    335.500      0.801     8.6977      0.808   2.997752  0.000e+00
    335.750      0.804     8.6987      0.811   2.997777  0.000e+00
    336.000      0.810     8.6999      0.817   2.997888  0.000e+00
    336.250      0.819     8.6997      0.826   2.998756  0.000e+00
    336.500      0.822     8.6970      0.829   2.998849  0.000e+00
    336.750      0.822     8.6929      0.829   2.999271  0.000e+00
    337.000      0.828     8.6891      0.835   3.000232  0.000e+00
    337.250      0.819     8.6855      0.826   3.000542  0.000e+00
    337.500      0.816     8.6822      0.823   3.000523  0.000e+00
    337.750      0.819     8.6805      0.826   3.000542  0.000e+00
    338.000      0.816     8.6795      0.823   3.000387  0.000e+00
    338.250      0.813     8.6791      0.820   3.000474  0.000e+00
    338.500      0.813     8.6793      0.820   3.000275  0.000e+00
    338.750      0.810     8.6794      0.817   2.999965  0.000e+00
    339.000      0.804     8.6805      0.811   2.999519  0.000e+00
    339.250      0.807     8.6842      0.814   2.999630  0.000e+00
    339.500      0.807     8.6870      0.814   2.999649  0.000e+00
    339.750      0.810     8.6875      0.817   2.999537  0.000e+00
    340.000      0.810     8.6877      0.817   2.999537  0.000e+00
    340.250      0.810     8.6886      0.817   2.999426  0.000e+00
    340.500      0.810     8.6894      0.817   2.998601  0.000e+00
    340.750      0.798     8.6898      0.805   2.997777  0.000e+00
    341.000      0.801     8.6914      0.808   2.998068  0.000e+00
    341.250      0.804     8.6967      0.811   2.998936  0.000e+00
    341.500      0.807     8.6996      0.814   2.999916  0.000e+00
    341.750      0.810     8.6959      0.817   3.000300  0.000e+00
    342.000      0.804     8.6914      0.811   3.000430  0.000e+00
    342.250      0.801     8.6911      0.808   3.000188  0.000e+00
    342.500      0.798     8.6929      0.805   2.999494  0.000e+00
    342.750      0.792     8.6954      0.799   2.998806  0.000e+00
    343.000      0.798     8.6985      0.805   2.998359  0.000e+00
    343.250      0.798     8.7008      0.805   2.998558  0.000e+00
    343.500      0.804     8.7002      0.811   2.998738  0.000e+00
    343.750      0.801     8.6986      0.808   2.998893  0.000e+00
    344.000      0.810     8.6967      0.817   2.999203  0.000e+00
    344.250      0.804     8.6945      0.811   2.999023  0.000e+00
    344.500      0.804     8.6924      0.811   2.998979  0.000e+00
    344.750      0.804     8.6912      0.811   2.999134  0.000e+00
    345.000      0.807     8.6904      0.814   2.999407  0.000e+00
    345.250      0.807     8.6896      0.814   2.999940  0.000e+00
    345.500      0.813     8.6886      0.820   3.000387  0.000e+00
    345.750      0.813     8.6879      0.820   3.000610  0.000e+00
    346.000      0.813     8.6868      0.820   3.000585  0.000e+00
    346.250      0.810     8.6860      0.817   3.000747  0.000e+00
    346.500      0.816     8.6851      0.823   3.001168  0.000e+00
    346.750      0.813     8.6842      0.820   3.001435  0.000e+00
    347.000      0.822     8.6839      0.829   3.001503  0.000e+00
    347.250      0.822     8.6844      0.829   3.001640  0.000e+00
    347.500      0.819     8.6834      0.826   3.001435  0.000e+00
    347.750      0.807     8.6819      0.814   3.001212  0.000e+00
    348.000      0.807     8.6824      0.814   3.000989  0.000e+00
    348.250      0.804     8.6839      0.811   3.000362  0.000e+00
    348.500      0.807     8.6848      0.814   2.999916  0.000e+00
    348.750      0.813     8.6859      0.820   3.000697  0.000e+00
    349.000      0.813     8.6859      0.820   3.000970  0.000e+00
    349.250      0.813     8.6853      0.820   3.001013  0.000e+00
    349.500      0.813     8.6848      0.820   3.000920  0.000e+00
    349.750      0.813     8.6841      0.820   3.000164  0.000e+00
    350.000      0.804     8.6836      0.811   2.999407  0.000e+00
    350.250      0.798     8.6844      0.805   2.999519  0.000e+00
    350.500      0.795     8.6875      0.802   2.999227  0.000e+00
    350.750      0.801     8.6894      0.808   2.999674  0.000e+00
    351.000      0.816     8.6886      0.823   3.000319  0.000e+00
    351.250      0.810     8.6868      0.817   3.000610  0.000e+00
    351.500      0.804     8.6862      0.811   3.000585  0.000e+00
    351.750      0.801     8.6866      0.808   3.000189  0.000e+00
    352.000      0.798     8.6865      0.805   2.999407  0.000e+00
    352.250      0.792     8.6865      0.799   2.999004  0.000e+00
    352.500      0.792     8.6882      0.799   2.999023  0.000e+00
    352.750      0.798     8.6915      0.805   2.998694  0.000e+00
    353.000      0.804     8.6926      0.811   2.998756  0.000e+00
    353.250      0.807     8.6919      0.814   2.999203  0.000e+00
    353.500      0.807     8.6906      0.814   2.999804  0.000e+00
    353.750      0.804     8.6891      0.811   2.999897  0.000e+00
    354.000      0.804     8.6881      0.811   2.999674  0.000e+00
    354.250      0.801     8.6873      0.808   2.999314  0.000e+00
    354.500      0.807     8.6875      0.814   2.998868  0.000e+00
    354.750      0.807     8.6881      0.814   2.999023  0.000e+00
    355.000      0.807     8.6881      0.814   2.999606  0.000e+00
    355.250      0.813     8.6875      0.820   2.999854  0.000e+00
    355.500      0.807     8.6869      0.814   2.999761  0.000e+00
    355.750      0.810     8.6862      0.817   2.999761  0.000e+00
    356.000      0.813     8.6859      0.820   2.999897  0.000e+00
    356.250      0.813     8.6860      0.820   3.000189  0.000e+00
    356.500      0.819     8.6851      0.826   3.000610  0.000e+00
    356.750      0.825     8.6840      0.832   3.000970  0.000e+00
    357.000      0.816     8.6827      0.823   3.001237  0.000e+00
    357.250      0.810     8.6816      0.817   3.001416  0.000e+00
    357.500      0.804     8.6809      0.811   3.001125  0.000e+00
    357.750      0.804     8.6814      0.811   3.000567  0.000e+00
