inst/exdata/CTDtoBTD/old/SBE19_CTD8106_0094_raw.cnv
* Sea-Bird SBE19plus  Data File:
* FileName = C:\CTD_Data_Files\Seabird19Ops\SBE19_CTD8106_Hauls_Test1_sSaltwater_24March2021_xml_0001.hex
* Software version 2.8.0.119
* Temperature SN = 8106
* Conductivity SN = 8106
* System UpLoad Time = Mar 24 2021 17:09:19
* <ApplicationData>
* <Seaterm232>
# nquan = 6
# nvalues = 1505                                  
# units = specified
# name 0 = timeS: Time, Elapsed [seconds]
# name 1 = depSM: Depth [salt water, m], lat = 47.00
# name 2 = tv290C: Temperature [ITS-90, deg C]
# name 3 = prdM: Pressure, Strain Gauge [db]
# name 4 = c0S/m: Conductivity [S/m]
# name 5 = flag:  0.000e+00
# span 0 =      0.000,    376.000                 
# span 1 =     -0.148,      0.872                 
# span 2 =     8.6765,    14.3363                 
# span 3 =     -0.149,      0.879                 
# span 4 =  -0.065920,   3.002464                 
# span 5 = 0.0000e+00, 0.0000e+00                 
# interval = seconds: 0.25
# start_time = Mar 24 2021 15:35:26 [Instrument's time stamp, header]
# bad_flag = -9.990e-29
*END*
[from data line 1433]
    358.250      0.807     8.6871      0.814   3.000027  0.000e+00
    358.500      0.810     8.6891      0.817   3.000139  0.000e+00
    358.750      0.813     8.6886      0.820   3.000567  0.000e+00
    359.000      0.819     8.6863      0.826   3.000747  0.000e+00
    359.250      0.810     8.6839      0.817   3.000722  0.000e+00
    359.500      0.804     8.6836      0.811   3.000207  0.000e+00
    359.750      0.798     8.6869      0.805   2.999134  0.000e+00
    360.000      0.801     8.6919      0.808   2.998471  0.000e+00
    360.250      0.807     8.6963      0.814   2.998359  0.000e+00
    360.500      0.798     8.6986      0.805   2.998291  0.000e+00
    360.750      0.798     8.6976      0.805   2.998893  0.000e+00
    361.000      0.798     8.6953      0.805   2.999407  0.000e+00
    361.250      0.798     8.6938      0.805   2.999469  0.000e+00
    361.500      0.795     8.6942      0.802   2.999091  0.000e+00
    361.750      0.795     8.6971      0.802   2.998979  0.000e+00
    362.000      0.795     8.6981      0.802   2.999184  0.000e+00
    362.250      0.792     8.6970      0.799   2.999091  0.000e+00
    362.500      0.795     8.6953      0.802   2.998936  0.000e+00
    362.750      0.795     8.6936      0.802   2.998713  0.000e+00
    363.000      0.798     8.6915      0.805   2.998421  0.000e+00
    363.250      0.786     8.6901      0.793   2.998446  0.000e+00
    363.500      0.765     8.6893      0.772   2.998514  0.000e+00
    363.750      0.696     8.6910      0.702   3.000095  0.000e+00
    364.000      0.657     8.6962      0.662   3.002464  0.000e+00
    364.250      0.696     8.7006      0.702   2.992255  0.000e+00
    364.500      0.699     8.7018      0.705   2.997200  0.000e+00
    364.750      0.702     8.6994      0.708   3.001255  0.000e+00
    365.000      0.690     8.6966      0.696   3.001348  0.000e+00
    365.250      0.687     8.6949      0.693   3.001348  0.000e+00
    365.500      0.690     8.6947      0.696   3.001460  0.000e+00
    365.750      0.696     8.6946      0.702   3.001367  0.000e+00
    366.000      0.696     8.6940      0.702   3.001168  0.000e+00
    366.250      0.687     8.6929      0.693   3.001280  0.000e+00
    366.500      0.681     8.6912      0.687   3.000877  0.000e+00
    366.750      0.699     8.6885      0.705   3.001057  0.000e+00
    367.000      0.708     8.6866      0.714   3.001392  0.000e+00
    367.250      0.711     8.6857      0.717   3.001478  0.000e+00
    367.500      0.714     8.6855      0.720   3.001478  0.000e+00
    367.750      0.705     8.6853      0.711   3.001305  0.000e+00
    368.000      0.699     8.6851      0.705   2.999897  0.000e+00
    368.250      0.639     8.6871      0.644   2.999562  0.000e+00
    368.500      0.464     8.6892      0.468   2.983241  0.000e+00
    368.750      0.298     8.6936      0.301   2.908311  0.000e+00
    369.000      0.241     8.7095      0.243   2.770729  0.000e+00
    369.250      0.274     8.7358      0.276   2.653018  0.000e+00
    369.500      0.250     8.7657      0.252   2.652194  0.000e+00
    369.750      0.223     8.7852      0.225   2.656945  0.000e+00
    370.000      0.199     8.7951      0.200   2.642742  0.000e+00
    370.250      0.190     8.8017      0.191   2.625103  0.000e+00
    370.500      0.184     8.8076      0.185   2.609309  0.000e+00
    370.750      0.165     8.8151      0.167   2.607231  0.000e+00
    371.000      0.078     8.8214      0.079   2.604206  0.000e+00
    371.250     -0.028     8.8256     -0.028   2.595340  0.000e+00
    371.500     -0.106     8.8329     -0.107   2.597432  0.000e+00
    371.750     -0.142     8.8394     -0.143   2.605112  0.000e+00
    372.000     -0.148     8.8370     -0.149   2.366643  0.000e+00
    372.250     -0.142     8.8307     -0.143   0.554140  0.000e+00
    372.500     -0.145     8.8260     -0.146   0.477096  0.000e+00
    372.750     -0.145     8.8240     -0.146   0.396176  0.000e+00
    373.000     -0.145     8.8231     -0.146   0.284121  0.000e+00
    373.250     -0.142     8.8227     -0.143   0.227736  0.000e+00
    373.500     -0.139     8.8225     -0.140   0.175460  0.000e+00
    373.750     -0.145     8.8221     -0.146   0.144569  0.000e+00
    374.000     -0.142     8.8219     -0.143   0.097576  0.000e+00
    374.250     -0.139     8.8218     -0.140   0.077865  0.000e+00
    374.500     -0.139     8.8214     -0.140   0.060249  0.000e+00
    374.750     -0.136     8.8210     -0.137   0.045088  0.000e+00
    375.000     -0.136     8.8207     -0.137   0.034393  0.000e+00
    375.250     -0.136     8.8203     -0.137   0.032068  0.000e+00
    375.500     -0.136     8.8200     -0.137   0.029994  0.000e+00
    375.750     -0.136     8.8195     -0.137   0.027994  0.000e+00
    376.000     -0.139     8.8190     -0.140   0.026700  0.000e+00
