INSTRUMENT_TYPE=SBE43
SERIALNO=4109
OCALDATE=08-Jan-21
SOC= 3.822743e-001
VOFFSET=-6.991747e-001
A=-3.805649e-003
B= 1.526079e-004
C=-2.536674e-006
E= 3.600000e-002
Tau20= 1.250000e+000
