INSTRUMENT_TYPE=SEACATPLUS
SERIALNO=8106
TCALDATE=25-Jan-21
TA0= 1.260824e-003
TA1= 2.725327e-004
TA2=-8.802589e-007
TA3= 1.679060e-007
CCALDATE=25-Jan-21
CG=-1.009001e+000
CH= 1.569961e-001
CI=-3.912162e-004
CJ= 5.332180e-005
CTCOR= 3.250000e-006
CPCOR=-9.570000e-008
PCALDATE=26-Jan-21
PA0= 9.421783e-002
PA1= 4.410313e-003
PA2=-1.754079e-011
PTCA0= 5.239134e+005
PTCA1= 9.811616e-001
PTCA2= 2.203507e-003
PTCB0= 2.511520e+001
PTCB1= 5.000000e-005
PTCB2= 0.000000e+000
PTEMPA0=-5.273308e+001
PTEMPA1= 5.482807e+001
PTEMPA2=-3.441364e-001
