inst/exdata/ctd2btd/SBE19plus_01908103_2021_06_01_94_0004_raw.cnv
* Sea-Bird SBE19plus  Data File:
* FileName = C:\CTD\202101_94_L1\2021_06_01\SBE19plus_01908103_2021_06_01_94_0004.hex
* Software version 2.8.0.119
* Temperature SN = 8103
* Conductivity SN = 8103
* System UpLoad Time = Jun 01 2021 22:58:34
* <ApplicationData>
* <Seaterm232>
# nquan = 7
# nvalues = 11245                                 
# units = specified
# name 0 = timeS: Time, Elapsed [seconds]
# name 1 = timeS: Time, Elapsed [seconds]
# name 2 = tv290C: Temperature [ITS-90, deg C]
# name 3 = c0S/m: Conductivity [S/m]
# name 4 = prdM: Pressure, Strain Gauge [db]
# name 5 = depSM: Depth [salt water, m], lat = 0.00
# name 6 = flag:  0.000e+00
# span 0 =      0.000,   2811.000                 
# span 1 =      0.000,   2811.000                 
# span 2 =     4.7571,     7.6279                 
# span 3 =  -0.000015,   3.057150                 
# span 4 =     -0.325,     38.330                 
# span 5 =     -0.323,     38.115                 
# span 6 = 0.0000e+00, 0.0000e+00                 
# interval = seconds: 0.25
# start_time = Jun 01 2021 15:18:52 [Instrument's time stamp, header]
# bad_flag = -9.990e-29
*END*
[from data line 1231]
    307.750    307.750     5.0130   3.013856      0.866      0.861  0.000e+00
    308.000    308.000     5.0129   3.013787      0.887      0.882  0.000e+00
    308.250    308.250     5.0132   3.013900      0.921      0.916  0.000e+00
    308.500    308.500     5.0137   3.013925      0.973      0.967  0.000e+00
    308.750    308.750     5.0144   3.013950      1.006      1.001  0.000e+00
    309.000    309.000     5.0155   3.014106      1.018      1.013  0.000e+00
    309.250    309.250     5.0177   3.013543      1.021      1.016  0.000e+00
    309.500    309.500     5.0198   3.014062      1.006      1.001  0.000e+00
    309.750    309.750     5.0209   3.014062      0.994      0.989  0.000e+00
    310.000    310.000     5.0209   3.013968      1.000      0.995  0.000e+00
    310.250    310.250     5.0201   3.013949      0.997      0.992  0.000e+00
    310.500    310.500     5.0189   3.013968      0.997      0.992  0.000e+00
    310.750    310.750     5.0189   3.014037      0.991      0.986  0.000e+00
    311.000    311.000     5.0198   3.013993      0.994      0.989  0.000e+00
    311.250    311.250     5.0214   3.014062      0.982      0.976  0.000e+00
    311.500    311.500     5.0228   3.014037      0.985      0.980  0.000e+00
    311.750    311.750     5.0234   3.014081      0.997      0.992  0.000e+00
    312.000    312.000     5.0232   3.014081      1.003      0.998  0.000e+00
    312.250    312.250     5.0232   3.014081      1.019      1.013  0.000e+00
    312.500    312.500     5.0228   3.014106      1.031      1.025  0.000e+00
    312.750    312.750     5.0222   3.014149      1.040      1.034  0.000e+00
    313.000    313.000     5.0220   3.014193      1.037      1.031  0.000e+00
    313.250    313.250     5.0229   3.014218      1.055      1.049  0.000e+00
    313.500    313.500     5.0243   3.014262      1.064      1.059  0.000e+00
    313.750    313.750     5.0256   3.014287      1.074      1.068  0.000e+00
    314.000    314.000     5.0260   3.014287      1.070      1.065  0.000e+00
    314.250    314.250     5.0258   3.014262      1.092      1.086  0.000e+00
    314.500    314.500     5.0255   3.014262      1.122      1.116  0.000e+00
    314.750    314.750     5.0251   3.014237      1.141      1.134  0.000e+00
    315.000    315.000     5.0249   3.014262      1.162      1.156  0.000e+00
    315.250    315.250     5.0249   3.014262      1.177      1.171  0.000e+00
    315.500    315.500     5.0250   3.014306      1.186      1.180  0.000e+00
    315.750    315.750     5.0257   3.014262      1.208      1.201  0.000e+00
    316.000    316.000     5.0263   3.014174      1.235      1.228  0.000e+00
    316.250    316.250     5.0255   3.013431      1.272      1.265  0.000e+00
    316.500    316.500     5.0234   3.014150      1.357      1.350  0.000e+00
    316.750    316.750     5.0228   3.014150      1.436      1.429  0.000e+00
    317.000    317.000     5.0244   3.014331      1.507      1.498  0.000e+00
    317.250    317.250     5.0267   3.014106      1.568      1.559  0.000e+00
    317.500    317.500     5.0290   3.014262      1.626      1.617  0.000e+00
    317.750    317.750     5.0308   3.014643      1.677      1.668  0.000e+00
    318.000    318.000     5.0323   3.014643      1.699      1.689  0.000e+00
    318.250    318.250     5.0327   3.014643      1.723      1.714  0.000e+00
    318.500    318.500     5.0321   3.014618      1.757      1.747  0.000e+00
    318.750    318.750     5.0309   3.014506      1.772      1.762  0.000e+00
    319.000    319.000     5.0278   3.014375      1.754      1.744  0.000e+00
    319.250    319.250     5.0235   3.014262      1.748      1.738  0.000e+00
    319.500    319.500     5.0191   3.014262      1.763      1.753  0.000e+00
    319.750    319.750     5.0160   3.014237      1.778      1.768  0.000e+00
    320.000    320.000     5.0134   3.014106      1.824      1.814  0.000e+00
    320.250    320.250     5.0106   3.014062      1.836      1.826  0.000e+00
    320.500    320.500     5.0085   3.014037      1.848      1.838  0.000e+00
    320.750    320.750     5.0067   3.013969      1.894      1.884  0.000e+00
    321.000    321.000     5.0045   3.013881      1.940      1.929  0.000e+00
    321.250    321.250     5.0023   3.013856      1.955      1.944  0.000e+00
    321.500    321.500     5.0022   3.014037      1.921      1.911  0.000e+00
    321.750    321.750     5.0050   3.014062      1.861      1.850  0.000e+00
    322.000    322.000     5.0078   3.014081      1.812      1.802  0.000e+00
    322.250    322.250     5.0088   3.014012      1.803      1.793  0.000e+00
    322.500    322.500     5.0080   3.013925      1.781      1.771  0.000e+00
    322.750    322.750     5.0051   3.013994      1.742      1.732  0.000e+00
    323.000    323.000     5.0026   3.013950      1.726      1.717  0.000e+00
    323.250    323.250     5.0009   3.013950      1.729      1.720  0.000e+00
    323.500    323.500     4.9999   3.013969      1.714      1.705  0.000e+00
    323.750    323.750     4.9996   3.013994      1.693      1.684  0.000e+00
    324.000    324.000     5.0009   3.014012      1.702      1.693  0.000e+00
    324.250    324.250     5.0025   3.013969      1.739      1.729  0.000e+00
    324.500    324.500     5.0030   3.013950      1.781      1.772  0.000e+00
    324.750    324.750     5.0023   3.013969      1.818      1.808  0.000e+00
    325.000    325.000     5.0028   3.014037      1.833      1.823  0.000e+00
    325.250    325.250     5.0048   3.014175      1.858      1.847  0.000e+00
    325.500    325.500     5.0083   3.014262      1.885      1.875  0.000e+00
    325.750    325.750     5.0117   3.014400      1.931      1.920  0.000e+00
    326.000    326.000     5.0150   3.014506      1.943      1.932  0.000e+00
    326.250    326.250     5.0194   3.014556      1.934      1.923  0.000e+00
    326.500    326.500     5.0228   3.014712      1.925      1.914  0.000e+00
    326.750    326.750     5.0267   3.014668      1.903      1.893  0.000e+00
    327.000    327.000     5.0290   3.014756      1.906      1.896  0.000e+00
    327.250    327.250     5.0311   3.014618      1.925      1.914  0.000e+00
    327.500    327.500     5.0315   3.014400      1.961      1.951  0.000e+00
    327.750    327.750     5.0295   3.014443      2.007      1.996  0.000e+00
    328.000    328.000     5.0283   3.014506      2.035      2.023  0.000e+00
    328.250    328.250     5.0285   3.014531      2.050      2.039  0.000e+00
    328.500    328.500     5.0286   3.014531      2.038      2.026  0.000e+00
    328.750    328.750     5.0286   3.014487      2.034      2.023  0.000e+00
    329.000    329.000     5.0280   3.014350      2.044      2.032  0.000e+00
    329.250    329.250     5.0262   3.014306      2.053      2.042  0.000e+00
    329.500    329.500     5.0238   3.014350      2.053      2.042  0.000e+00
    329.750    329.750     5.0225   3.014443      2.065      2.054  0.000e+00
    330.000    330.000     5.0228   3.014443      2.096      2.084  0.000e+00
    330.250    330.250     5.0228   3.014419      2.135      2.124  0.000e+00
    330.500    330.500     5.0218   3.014219      2.187      2.175  0.000e+00
    330.750    330.750     5.0191   3.014194      2.224      2.212  0.000e+00
    331.000    331.000     5.0166   3.014262      2.248      2.236  0.000e+00
    331.250    331.250     5.0163   3.014262      2.269      2.257  0.000e+00
    331.500    331.500     5.0176   3.014419      2.291      2.278  0.000e+00
    331.750    331.750     5.0209   3.014531      2.321      2.309  0.000e+00
    332.000    332.000     5.0243   3.014556      2.379      2.366  0.000e+00
    332.250    332.250     5.0254   3.014444      2.428      2.415  0.000e+00
    332.500    332.500     5.0241   3.014350      2.486      2.472  0.000e+00
    332.750    332.750     5.0214   3.014175      2.547      2.533  0.000e+00
    333.000    333.000     5.0164   3.014037      2.605      2.591  0.000e+00
    333.250    333.250     5.0098   3.014081      2.657      2.642  0.000e+00
    333.500    333.500     5.0072   3.014219      2.684      2.670  0.000e+00
    333.750    333.750     5.0078   3.014288      2.687      2.673  0.000e+00
    334.000    334.000     5.0096   3.014350      2.687      2.673  0.000e+00
    334.250    334.250     5.0120   3.014350      2.697      2.682  0.000e+00
    334.500    334.500     5.0138   3.014463      2.715      2.700  0.000e+00
    334.750    334.750     5.0160   3.014419      2.727      2.712  0.000e+00
    335.000    335.000     5.0168   3.014419      2.745      2.730  0.000e+00
    335.250    335.250     5.0160   3.014350      2.773      2.758  0.000e+00
    335.500    335.500     5.0140   3.014219      2.803      2.788  0.000e+00
    335.750    335.750     5.0103   3.014106      2.837      2.821  0.000e+00
    336.000    336.000     5.0057   3.014106      2.868      2.852  0.000e+00
    336.250    336.250     5.0023   3.014125      2.898      2.882  0.000e+00
    336.500    336.500     5.0006   3.014175      2.935      2.918  0.000e+00
    336.750    336.750     4.9997   3.014038      2.993      2.976  0.000e+00
    337.000    337.000     4.9971   3.014013      3.041      3.025  0.000e+00
    337.250    337.250     4.9938   3.013994      3.072      3.055  0.000e+00
    337.500    337.500     4.9920   3.014063      3.090      3.073  0.000e+00
    337.750    337.750     4.9928   3.014107      3.099      3.082  0.000e+00
    338.000    338.000     4.9951   3.014150      3.130      3.113  0.000e+00
    338.250    338.250     4.9975   3.014175      3.185      3.167  0.000e+00
    338.500    338.500     5.0008   3.014150      3.231      3.213  0.000e+00
    338.750    338.750     5.0030   3.014063      3.276      3.258  0.000e+00
    339.000    339.000     5.0020   3.014082      3.304      3.286  0.000e+00
    339.250    339.250     4.9999   3.014038      3.328      3.310  0.000e+00
    339.500    339.500     4.9980   3.013969      3.362      3.343  0.000e+00
    339.750    339.750     4.9967   3.014013      3.410      3.392  0.000e+00
    340.000    340.000     4.9956   3.013950      3.456      3.437  0.000e+00
    340.250    340.250     4.9944   3.013969      3.520      3.501  0.000e+00
    340.500    340.500     4.9940   3.013994      3.581      3.562  0.000e+00
    340.750    340.750     4.9943   3.013950      3.651      3.631  0.000e+00
    341.000    341.000     4.9950   3.013969      3.688      3.668  0.000e+00
    341.250    341.250     4.9960   3.013994      3.722      3.701  0.000e+00
    341.500    341.500     4.9970   3.014013      3.749      3.728  0.000e+00
    341.750    341.750     4.9979   3.014038      3.789      3.768  0.000e+00
    342.000    342.000     4.9980   3.013994      3.834      3.813  0.000e+00
    342.250    342.250     4.9967   3.013994      3.886      3.865  0.000e+00
    342.500    342.500     4.9953   3.014013      3.923      3.901  0.000e+00
    342.750    342.750     4.9944   3.013969      3.969      3.947  0.000e+00
    343.000    343.000     4.9939   3.013951      4.011      3.989  0.000e+00
    343.250    343.250     4.9932   3.013926      4.051      4.029  0.000e+00
    343.500    343.500     4.9928   3.013951      4.097      4.074  0.000e+00
    343.750    343.750     4.9926   3.013951      4.137      4.114  0.000e+00
    344.000    344.000     4.9924   3.013969      4.179      4.156  0.000e+00
    344.250    344.250     4.9919   3.013926      4.225      4.202  0.000e+00
    344.500    344.500     4.9910   3.013951      4.259      4.235  0.000e+00
    344.750    344.750     4.9896   3.013901      4.307      4.284  0.000e+00
    345.000    345.000     4.9879   3.013901      4.368      4.344  0.000e+00
    345.250    345.250     4.9860   3.013857      4.442      4.417  0.000e+00
    345.500    345.500     4.9838   3.013770      4.521      4.496  0.000e+00
    345.750    345.750     4.9811   3.013857      4.573      4.547  0.000e+00
    346.000    346.000     4.9804   3.013926      4.591      4.566  0.000e+00
    346.250    346.250     4.9815   3.013951      4.628      4.602  0.000e+00
    346.500    346.500     4.9832   3.013926      4.679      4.654  0.000e+00
    346.750    346.750     4.9844   3.013926      4.747      4.720  0.000e+00
    347.000    347.000     4.9843   3.013951      4.823      4.796  0.000e+00
    347.250    347.250     4.9832   3.013995      4.917      4.890  0.000e+00
    347.500    347.500     4.9833   3.014107      4.997      4.969  0.000e+00
    347.750    347.750     4.9851   3.014107      5.036      5.009  0.000e+00
    348.000    348.000     4.9876   3.014151      5.067      5.039  0.000e+00
    348.250    348.250     4.9897   3.014151      5.091      5.063  0.000e+00
    348.500    348.500     4.9896   3.014107      5.116      5.087  0.000e+00
    348.750    348.750     4.9880   3.014082      5.152      5.124  0.000e+00
    349.000    349.000     4.9867   3.014151      5.198      5.169  0.000e+00
    349.250    349.250     4.9854   3.014195      5.250      5.221  0.000e+00
    349.500    349.500     4.9817   3.014220      5.305      5.276  0.000e+00
    349.750    349.750     4.9777   3.014239      5.357      5.327  0.000e+00
    350.000    350.000     4.9745   3.014239      5.405      5.376  0.000e+00
    350.250    350.250     4.9711   3.014220      5.460      5.430  0.000e+00
    350.500    350.500     4.9680   3.014220      5.509      5.479  0.000e+00
    350.750    350.750     4.9653   3.014195      5.561      5.530  0.000e+00
    351.000    351.000     4.9640   3.014176      5.613      5.582  0.000e+00
    351.250    351.250     4.9639   3.014126      5.668      5.637  0.000e+00
    351.500    351.500     4.9652   3.014151      5.713      5.682  0.000e+00
    351.750    351.750     4.9673   3.014176      5.765      5.734  0.000e+00
    352.000    352.000     4.9690   3.014195      5.802      5.770  0.000e+00
    352.250    352.250     4.9695   3.014220      5.842      5.809  0.000e+00
    352.500    352.500     4.9689   3.014289      5.872      5.840  0.000e+00
    352.750    352.750     4.9676   3.014289      5.893      5.861  0.000e+00
    353.000    353.000     4.9666   3.014289      5.906      5.873  0.000e+00
    353.250    353.250     4.9665   3.014239      5.933      5.900  0.000e+00
    353.500    353.500     4.9670   3.014239      5.970      5.937  0.000e+00
    353.750    353.750     4.9673   3.014151      6.003      5.970  0.000e+00
    354.000    354.000     4.9677   3.014220      6.040      6.007  0.000e+00
    354.250    354.250     4.9679   3.014239      6.086      6.052  0.000e+00
    354.500    354.500     4.9677   3.014289      6.116      6.083  0.000e+00
    354.750    354.750     4.9669   3.014289      6.150      6.116  0.000e+00
    355.000    355.000     4.9658   3.014351      6.183      6.149  0.000e+00
    355.250    355.250     4.9635   3.014377      6.223      6.189  0.000e+00
    355.500    355.500     4.9611   3.014402      6.278      6.243  0.000e+00
    355.750    355.750     4.9600   3.014352      6.336      6.301  0.000e+00
    356.000    356.000     4.9593   3.014352      6.391      6.356  0.000e+00
    356.250    356.250     4.9595   3.014352      6.443      6.407  0.000e+00
    356.500    356.500     4.9596   3.014352      6.504      6.468  0.000e+00
    356.750    356.750     4.9590   3.014377      6.562      6.526  0.000e+00
    357.000    357.000     4.9586   3.014377      6.620      6.583  0.000e+00
    357.250    357.250     4.9587   3.014377      6.684      6.647  0.000e+00
    357.500    357.500     4.9592   3.014333      6.745      6.707  0.000e+00
    357.750    357.750     4.9591   3.014402      6.803      6.765  0.000e+00
    358.000    358.000     4.9581   3.014377      6.854      6.817  0.000e+00
    358.250    358.250     4.9570   3.014352      6.906      6.868  0.000e+00
    358.500    358.500     4.9555   3.014402      6.931      6.892  0.000e+00
