inst/exdata/ctd2btd/SBE19plus_01908103_2021_06_01_94_0004_raw.cnv
* Sea-Bird SBE19plus  Data File:
* FileName = C:\CTD\202101_94_L1\2021_06_01\SBE19plus_01908103_2021_06_01_94_0004.hex
* Software version 2.8.0.119
* Temperature SN = 8103
* Conductivity SN = 8103
* System UpLoad Time = Jun 01 2021 22:58:34
* <ApplicationData>
* <Seaterm232>
# nquan = 7
# nvalues = 11245                                 
# units = specified
# name 0 = timeS: Time, Elapsed [seconds]
# name 1 = timeS: Time, Elapsed [seconds]
# name 2 = tv290C: Temperature [ITS-90, deg C]
# name 3 = c0S/m: Conductivity [S/m]
# name 4 = prdM: Pressure, Strain Gauge [db]
# name 5 = depSM: Depth [salt water, m], lat = 0.00
# name 6 = flag:  0.000e+00
# span 0 =      0.000,   2811.000                 
# span 1 =      0.000,   2811.000                 
# span 2 =     4.7571,     7.6279                 
# span 3 =  -0.000015,   3.057150                 
# span 4 =     -0.325,     38.330                 
# span 5 =     -0.323,     38.115                 
# span 6 = 0.0000e+00, 0.0000e+00                 
# interval = seconds: 0.25
# start_time = Jun 01 2021 15:18:52 [Instrument's time stamp, header]
# bad_flag = -9.990e-29
*END*
[from data line 2667]
    666.750    666.750     4.8728   3.028067     37.959     37.747  0.000e+00
    667.000    667.000     4.8729   3.028092     37.956     37.744  0.000e+00
    667.250    667.250     4.8730   3.028111     37.956     37.744  0.000e+00
    667.500    667.500     4.8728   3.028092     37.956     37.744  0.000e+00
    667.750    667.750     4.8727   3.028111     37.953     37.741  0.000e+00
    668.000    668.000     4.8727   3.028136     37.953     37.741  0.000e+00
    668.250    668.250     4.8726   3.028111     37.947     37.735  0.000e+00
    668.500    668.500     4.8727   3.028111     37.947     37.735  0.000e+00
    668.750    668.750     4.8728   3.028111     37.944     37.732  0.000e+00
    669.000    669.000     4.8728   3.028111     37.950     37.738  0.000e+00
    669.250    669.250     4.8727   3.028111     37.950     37.738  0.000e+00
    669.500    669.500     4.8727   3.028092     37.947     37.735  0.000e+00
    669.750    669.750     4.8726   3.028161     37.957     37.745  0.000e+00
    670.000    670.000     4.8725   3.028161     37.950     37.738  0.000e+00
    670.250    670.250     4.8726   3.028136     37.953     37.742  0.000e+00
    670.500    670.500     4.8725   3.028136     37.944     37.732  0.000e+00
    670.750    670.750     4.8725   3.028111     37.938     37.726  0.000e+00
    671.000    671.000     4.8725   3.028111     37.935     37.723  0.000e+00
    671.250    671.250     4.8725   3.028161     37.932     37.720  0.000e+00
    671.500    671.500     4.8725   3.028161     37.935     37.723  0.000e+00
    671.750    671.750     4.8726   3.028111     37.932     37.720  0.000e+00
    672.000    672.000     4.8726   3.028136     37.935     37.723  0.000e+00
    672.250    672.250     4.8726   3.028136     37.926     37.714  0.000e+00
    672.500    672.500     4.8725   3.028136     37.929     37.717  0.000e+00
    672.750    672.750     4.8724   3.028136     37.935     37.723  0.000e+00
    673.000    673.000     4.8724   3.028180     37.935     37.723  0.000e+00
    673.250    673.250     4.8723   3.028136     37.938     37.726  0.000e+00
    673.500    673.500     4.8725   3.028136     37.935     37.723  0.000e+00
    673.750    673.750     4.8725   3.028136     37.935     37.723  0.000e+00
    674.000    674.000     4.8725   3.028136     37.929     37.717  0.000e+00
    674.250    674.250     4.8726   3.028136     37.935     37.723  0.000e+00
    674.500    674.500     4.8726   3.028161     37.938     37.726  0.000e+00
    674.750    674.750     4.8726   3.028136     37.938     37.726  0.000e+00
    675.000    675.000     4.8726   3.028136     37.941     37.729  0.000e+00
    675.250    675.250     4.8727   3.028136     37.944     37.732  0.000e+00
    675.500    675.500     4.8727   3.028136     37.944     37.732  0.000e+00
    675.750    675.750     4.8728   3.028136     37.947     37.735  0.000e+00
    676.000    676.000     4.8728   3.028136     37.947     37.735  0.000e+00
    676.250    676.250     4.8728   3.028136     37.947     37.735  0.000e+00
    676.500    676.500     4.8728   3.028161     37.953     37.742  0.000e+00
    676.750    676.750     4.8728   3.028161     37.944     37.732  0.000e+00
    677.000    677.000     4.8727   3.028161     37.953     37.742  0.000e+00
    677.250    677.250     4.8728   3.028111     37.954     37.742  0.000e+00
    677.500    677.500     4.8728   3.028111     37.954     37.742  0.000e+00
    677.750    677.750     4.8730   3.028111     37.954     37.742  0.000e+00
    678.000    678.000     4.8731   3.028111     37.957     37.745  0.000e+00
    678.250    678.250     4.8732   3.028161     37.960     37.748  0.000e+00
    678.500    678.500     4.8733   3.028111     37.951     37.739  0.000e+00
    678.750    678.750     4.8732   3.028111     37.954     37.742  0.000e+00
    679.000    679.000     4.8733   3.028111     37.947     37.736  0.000e+00
    679.250    679.250     4.8735   3.028092     37.938     37.726  0.000e+00
    679.500    679.500     4.8736   3.028067     37.941     37.730  0.000e+00
    679.750    679.750     4.8738   3.028111     37.938     37.726  0.000e+00
    680.000    680.000     4.8739   3.028111     37.944     37.733  0.000e+00
    680.250    680.250     4.8737   3.028111     37.941     37.729  0.000e+00
    680.500    680.500     4.8740   3.028092     37.938     37.726  0.000e+00
    680.750    680.750     4.8739   3.028136     37.932     37.720  0.000e+00
    681.000    681.000     4.8739   3.028111     37.944     37.733  0.000e+00
    681.250    681.250     4.8738   3.028136     37.941     37.730  0.000e+00
    681.500    681.500     4.8739   3.028136     37.938     37.726  0.000e+00
    681.750    681.750     4.8736   3.028136     37.944     37.733  0.000e+00
    682.000    682.000     4.8735   3.028161     37.941     37.730  0.000e+00
    682.250    682.250     4.8736   3.028161     37.948     37.736  0.000e+00
    682.500    682.500     4.8735   3.028136     37.945     37.733  0.000e+00
    682.750    682.750     4.8736   3.028161     37.954     37.742  0.000e+00
    683.000    683.000     4.8734   3.028161     37.948     37.736  0.000e+00
    683.250    683.250     4.8734   3.028136     37.941     37.730  0.000e+00
    683.500    683.500     4.8733   3.028161     37.945     37.733  0.000e+00
    683.750    683.750     4.8732   3.028161     37.945     37.733  0.000e+00
    684.000    684.000     4.8730   3.028136     37.941     37.730  0.000e+00
    684.250    684.250     4.8729   3.028180     37.938     37.727  0.000e+00
    684.500    684.500     4.8728   3.028180     37.935     37.724  0.000e+00
    684.750    684.750     4.8726   3.028161     37.926     37.714  0.000e+00
    685.000    685.000     4.8726   3.028161     37.926     37.714  0.000e+00
    685.250    685.250     4.8724   3.028180     37.932     37.721  0.000e+00
    685.500    685.500     4.8724   3.028161     37.926     37.715  0.000e+00
    685.750    685.750     4.8723   3.028161     37.926     37.714  0.000e+00
    686.000    686.000     4.8723   3.028180     37.932     37.721  0.000e+00
    686.250    686.250     4.8721   3.028136     37.935     37.724  0.000e+00
    686.500    686.500     4.8723   3.028161     37.935     37.724  0.000e+00
    686.750    686.750     4.8723   3.028161     37.932     37.721  0.000e+00
    687.000    687.000     4.8723   3.028161     37.938     37.727  0.000e+00
    687.250    687.250     4.8725   3.028180     37.935     37.724  0.000e+00
    687.500    687.500     4.8723   3.028161     37.935     37.724  0.000e+00
    687.750    687.750     4.8723   3.028205     37.939     37.727  0.000e+00
    688.000    688.000     4.8722   3.028161     37.951     37.739  0.000e+00
    688.250    688.250     4.8721   3.028161     37.963     37.751  0.000e+00
    688.500    688.500     4.8719   3.028180     37.960     37.748  0.000e+00
    688.750    688.750     4.8718   3.028180     37.960     37.748  0.000e+00
    689.000    689.000     4.8720   3.028205     37.966     37.754  0.000e+00
    689.250    689.250     4.8722   3.028205     37.963     37.751  0.000e+00
    689.500    689.500     4.8722   3.028223     37.969     37.757  0.000e+00
    689.750    689.750     4.8723   3.028205     37.963     37.751  0.000e+00
    690.000    690.000     4.8723   3.028205     37.960     37.748  0.000e+00
    690.250    690.250     4.8723   3.028180     37.954     37.742  0.000e+00
    690.500    690.500     4.8722   3.028223     37.960     37.748  0.000e+00
    690.750    690.750     4.8723   3.028180     37.948     37.736  0.000e+00
    691.000    691.000     4.8721   3.028180     37.948     37.736  0.000e+00
    691.250    691.250     4.8721   3.028205     37.954     37.742  0.000e+00
    691.500    691.500     4.8721   3.028205     37.960     37.748  0.000e+00
    691.750    691.750     4.8723   3.028180     37.951     37.739  0.000e+00
    692.000    692.000     4.8724   3.028180     37.957     37.745  0.000e+00
    692.250    692.250     4.8725   3.028205     37.954     37.742  0.000e+00
    692.500    692.500     4.8727   3.028180     37.963     37.751  0.000e+00
    692.750    692.750     4.8728   3.028180     37.957     37.745  0.000e+00
    693.000    693.000     4.8728   3.028205     37.954     37.742  0.000e+00
    693.250    693.250     4.8728   3.028180     37.954     37.742  0.000e+00
    693.500    693.500     4.8729   3.028205     37.948     37.736  0.000e+00
    693.750    693.750     4.8728   3.028205     37.936     37.724  0.000e+00
    694.000    694.000     4.8728   3.028180     37.933     37.721  0.000e+00
    694.250    694.250     4.8729   3.028180     37.930     37.718  0.000e+00
    694.500    694.500     4.8728   3.028205     37.923     37.712  0.000e+00
    694.750    694.750     4.8727   3.028180     37.917     37.706  0.000e+00
    695.000    695.000     4.8727   3.028223     37.917     37.706  0.000e+00
    695.250    695.250     4.8726   3.028205     37.920     37.709  0.000e+00
    695.500    695.500     4.8726   3.028223     37.917     37.706  0.000e+00
    695.750    695.750     4.8726   3.028205     37.920     37.709  0.000e+00
    696.000    696.000     4.8727   3.028205     37.914     37.703  0.000e+00
    696.250    696.250     4.8727   3.028205     37.917     37.706  0.000e+00
    696.500    696.500     4.8728   3.028205     37.923     37.712  0.000e+00
    696.750    696.750     4.8730   3.028180     37.920     37.709  0.000e+00
    697.000    697.000     4.8730   3.028205     37.933     37.721  0.000e+00
    697.250    697.250     4.8731   3.028223     37.927     37.715  0.000e+00
    697.500    697.500     4.8731   3.028223     37.936     37.724  0.000e+00
    697.750    697.750     4.8729   3.028180     37.936     37.724  0.000e+00
    698.000    698.000     4.8731   3.028205     37.936     37.724  0.000e+00
    698.250    698.250     4.8731   3.028180     37.936     37.724  0.000e+00
    698.500    698.500     4.8731   3.028205     37.936     37.724  0.000e+00
    698.750    698.750     4.8731   3.028205     37.942     37.730  0.000e+00
    699.000    699.000     4.8730   3.028205     37.936     37.724  0.000e+00
    699.250    699.250     4.8729   3.028205     37.936     37.724  0.000e+00
    699.500    699.500     4.8728   3.028205     37.936     37.724  0.000e+00
    699.750    699.750     4.8728   3.028205     37.933     37.721  0.000e+00
    700.000    700.000     4.8728   3.028223     37.930     37.718  0.000e+00
    700.250    700.250     4.8728   3.028205     37.933     37.721  0.000e+00
    700.500    700.500     4.8728   3.028180     37.930     37.718  0.000e+00
    700.750    700.750     4.8728   3.028205     37.933     37.721  0.000e+00
    701.000    701.000     4.8731   3.028180     37.933     37.721  0.000e+00
    701.250    701.250     4.8733   3.028205     37.933     37.721  0.000e+00
    701.500    701.500     4.8733   3.028161     37.933     37.721  0.000e+00
    701.750    701.750     4.8734   3.028205     37.933     37.721  0.000e+00
    702.000    702.000     4.8735   3.028180     37.936     37.724  0.000e+00
    702.250    702.250     4.8735   3.028205     37.933     37.721  0.000e+00
    702.500    702.500     4.8736   3.028223     37.936     37.724  0.000e+00
    702.750    702.750     4.8736   3.028205     37.930     37.718  0.000e+00
    703.000    703.000     4.8735   3.028180     37.936     37.724  0.000e+00
    703.250    703.250     4.8736   3.028205     37.936     37.724  0.000e+00
    703.500    703.500     4.8735   3.028205     37.933     37.721  0.000e+00
    703.750    703.750     4.8735   3.028205     37.933     37.721  0.000e+00
    704.000    704.000     4.8734   3.028223     37.927     37.715  0.000e+00
    704.250    704.250     4.8733   3.028205     37.927     37.715  0.000e+00
    704.500    704.500     4.8732   3.028180     37.930     37.718  0.000e+00
    704.750    704.750     4.8732   3.028205     37.930     37.718  0.000e+00
    705.000    705.000     4.8732   3.028205     37.936     37.724  0.000e+00
    705.250    705.250     4.8733   3.028223     37.939     37.727  0.000e+00
    705.500    705.500     4.8732   3.028223     37.936     37.724  0.000e+00
    705.750    705.750     4.8732   3.028205     37.942     37.730  0.000e+00
    706.000    706.000     4.8731   3.028205     37.948     37.736  0.000e+00
    706.250    706.250     4.8731   3.028223     37.948     37.736  0.000e+00
    706.500    706.500     4.8730   3.028223     37.951     37.739  0.000e+00
    706.750    706.750     4.8729   3.028223     37.951     37.739  0.000e+00
    707.000    707.000     4.8728   3.028223     37.951     37.739  0.000e+00
    707.250    707.250     4.8728   3.028205     37.954     37.742  0.000e+00
    707.500    707.500     4.8730   3.028223     37.960     37.748  0.000e+00
    707.750    707.750     4.8730   3.028223     37.960     37.748  0.000e+00
    708.000    708.000     4.8728   3.028267     37.954     37.742  0.000e+00
    708.250    708.250     4.8729   3.028223     37.951     37.739  0.000e+00
    708.500    708.500     4.8729   3.028223     37.942     37.730  0.000e+00
    708.750    708.750     4.8728   3.028205     37.942     37.730  0.000e+00
    709.000    709.000     4.8729   3.028223     37.936     37.724  0.000e+00
    709.250    709.250     4.8730   3.028205     37.927     37.715  0.000e+00
    709.500    709.500     4.8730   3.028223     37.924     37.712  0.000e+00
    709.750    709.750     4.8731   3.028248     37.924     37.712  0.000e+00
    710.000    710.000     4.8731   3.028248     37.915     37.703  0.000e+00
    710.250    710.250     4.8730   3.028248     37.912     37.700  0.000e+00
    710.500    710.500     4.8731   3.028223     37.912     37.700  0.000e+00
    710.750    710.750     4.8730   3.028223     37.921     37.709  0.000e+00
    711.000    711.000     4.8730   3.028223     37.921     37.709  0.000e+00
    711.250    711.250     4.8730   3.028223     37.924     37.712  0.000e+00
    711.500    711.500     4.8730   3.028223     37.927     37.715  0.000e+00
    711.750    711.750     4.8729   3.028223     37.930     37.718  0.000e+00
    712.000    712.000     4.8729   3.028248     37.930     37.718  0.000e+00
    712.250    712.250     4.8730   3.028223     37.930     37.718  0.000e+00
    712.500    712.500     4.8729   3.028223     37.930     37.718  0.000e+00
    712.750    712.750     4.8731   3.028223     37.927     37.715  0.000e+00
    713.000    713.000     4.8730   3.028248     37.927     37.715  0.000e+00
    713.250    713.250     4.8731   3.028223     37.924     37.712  0.000e+00
    713.500    713.500     4.8730   3.028223     37.930     37.718  0.000e+00
    713.750    713.750     4.8731   3.028205     37.927     37.715  0.000e+00
    714.000    714.000     4.8731   3.028223     37.927     37.715  0.000e+00
    714.250    714.250     4.8732   3.028248     37.924     37.712  0.000e+00
    714.500    714.500     4.8732   3.028223     37.933     37.721  0.000e+00
    714.750    714.750     4.8731   3.028223     37.933     37.721  0.000e+00
    715.000    715.000     4.8731   3.028223     37.936     37.724  0.000e+00
    715.250    715.250     4.8732   3.028205     37.936     37.724  0.000e+00
    715.500    715.500     4.8732   3.028180     37.948     37.736  0.000e+00
    715.750    715.750     4.8734   3.028223     37.948     37.736  0.000e+00
    716.000    716.000     4.8734   3.028223     37.948     37.736  0.000e+00
    716.250    716.250     4.8734   3.028223     37.948     37.736  0.000e+00
    716.500    716.500     4.8733   3.028205     37.945     37.733  0.000e+00
    716.750    716.750     4.8733   3.028223     37.942     37.730  0.000e+00
    717.000    717.000     4.8731   3.028223     37.942     37.730  0.000e+00
    717.250    717.250     4.8731   3.028248     37.939     37.727  0.000e+00
    717.500    717.500     4.8730   3.028248     37.933     37.721  0.000e+00
