inst/exdata/ctd2btd/SBE19plus_01908105_2021_06_25_94_0005.cnv
* Sea-Bird SBE19plus  Data File:
* FileName = C:\CTD\202101_94_L2\2021_06_25\SBE19plus_01908105_2021_06_25_94_0004.hex
* Software version 2.8.0.119
* Temperature SN = 8105
* Conductivity SN = 8105
* System UpLoad Time = Jun 25 2021 20:55:01
* <ApplicationData>
* <Seaterm232>
# nquan = 6
# nvalues = 11080                                 
# units = specified
# name 0 = depSM: Depth [salt water, m], lat = 58.00
# name 1 = tv290C: Temperature [ITS-90, deg C]
# name 2 = prdM: Pressure, Strain Gauge [db]
# name 3 = c0S/m: Conductivity [S/m]
# name 4 = timeS: Time, Elapsed [seconds]
# name 5 = flag:  0.000e+00
# span 0 =     -0.248,     67.786                 
# span 1 =     3.0597,    10.0836                 
# span 2 =     -0.250,     68.432                 
# span 3 =   0.000843,   3.399701                 
# span 4 =      0.000,   2769.750                 
# span 5 = 0.0000e+00, 0.0000e+00                 
# interval = seconds: 0.25
# start_time = Jun 25 2021 17:59:55 [Instrument's time stamp, header]
# bad_flag = -9.990e-29
*END*
[from data line 1672]
     61.669     3.1011     62.255   2.954221    418.000  0.000e+00
     61.744     3.1038     62.331   2.953866    418.250  0.000e+00
     61.774     3.1035     62.361   2.953799    418.500  0.000e+00
     61.798     3.1027     62.386   2.953958    418.750  0.000e+00
     61.837     3.1027     62.425   2.954044    419.000  0.000e+00
     61.876     3.1033     62.465   2.954154    419.250  0.000e+00
     61.909     3.1041     62.498   2.954044    419.500  0.000e+00
     61.934     3.1042     62.522   2.953958    419.750  0.000e+00
     61.964     3.1038     62.553   2.953976    420.000  0.000e+00
     61.991     3.1036     62.580   2.954087    420.250  0.000e+00
     62.015     3.1037     62.604   2.953976    420.500  0.000e+00
     62.045     3.1035     62.635   2.954154    420.750  0.000e+00
     62.072     3.1041     62.662   2.954332    421.000  0.000e+00
     62.108     3.1055     62.699   2.954466    421.250  0.000e+00
     62.156     3.1067     62.747   2.954313    421.500  0.000e+00
     62.187     3.1069     62.778   2.954203    421.750  0.000e+00
     62.241     3.1065     62.833   2.954423    422.000  0.000e+00
     62.307     3.1068     62.899   2.954509    422.250  0.000e+00
     62.361     3.1077     62.954   2.954264    422.500  0.000e+00
     62.403     3.1074     62.997   2.954221    422.750  0.000e+00
     62.437     3.1066     63.030   2.954203    423.000  0.000e+00
     62.530     3.1060     63.124   2.954154    423.250  0.000e+00
     62.560     3.1055     63.155   2.954068    423.500  0.000e+00
     62.578     3.1049     63.173   2.954087    423.750  0.000e+00
     62.590     3.1044     63.185   2.954136    424.000  0.000e+00
     62.611     3.1046     63.207   2.955042    424.250  0.000e+00
     62.635     3.1078     63.231   2.955464    424.500  0.000e+00
     62.662     3.1128     63.258   2.955379    424.750  0.000e+00
     62.702     3.1155     63.298   2.955219    425.000  0.000e+00
     62.738     3.1163     63.334   2.955066    425.250  0.000e+00
     62.759     3.1155     63.356   2.954864    425.500  0.000e+00
     62.801     3.1142     63.398   2.955134    425.750  0.000e+00
     62.867     3.1142     63.465   2.955177    426.000  0.000e+00
     62.876     3.1149     63.474   2.955177    426.250  0.000e+00
     62.918     3.1153     63.517   2.954754    426.500  0.000e+00
     62.964     3.1138     63.562   2.954399    426.750  0.000e+00
     63.006     3.1111     63.605   2.954087    427.000  0.000e+00
     63.063     3.1081     63.663   2.954203    427.250  0.000e+00
     63.117     3.1063     63.717   2.954442    427.500  0.000e+00
     63.183     3.1068     63.784   2.954736    427.750  0.000e+00
     63.247     3.1085     63.848   2.954687    428.000  0.000e+00
     63.310     3.1094     63.912   2.954601    428.250  0.000e+00
     63.373     3.1097     63.976   2.954626    428.500  0.000e+00
     63.436     3.1096     64.040   2.954736    428.750  0.000e+00
     63.497     3.1101     64.101   2.954687    429.000  0.000e+00
     63.539     3.1104     64.143   2.954509    429.250  0.000e+00
     63.602     3.1095     64.207   2.954265    429.500  0.000e+00
     63.650     3.1081     64.256   2.954957    429.750  0.000e+00
     63.692     3.1094     64.298   2.955379    430.000  0.000e+00
     63.747     3.1130     64.353   2.955422    430.250  0.000e+00
     63.792     3.1154     64.398   2.955404    430.500  0.000e+00
     63.843     3.1167     64.450   2.955355    430.750  0.000e+00
     63.885     3.1170     64.493   2.955287    431.000  0.000e+00
     63.936     3.1170     64.544   2.955355    431.250  0.000e+00
     63.994     3.1171     64.602   2.955336    431.500  0.000e+00
     64.036     3.1171     64.645   2.955159    431.750  0.000e+00
     64.093     3.1163     64.703   2.954957    432.000  0.000e+00
     64.111     3.1148     64.721   2.955177    432.250  0.000e+00
     64.150     3.1146     64.760   2.954914    432.500  0.000e+00
     64.195     3.1138     64.806   2.954846    432.750  0.000e+00
     64.216     3.1128     64.827   2.954755    433.000  0.000e+00
     64.253     3.1116     64.864   2.954467    433.250  0.000e+00
     64.280     3.1100     64.891   2.954467    433.500  0.000e+00
     64.292     3.1087     64.903   2.954510    433.750  0.000e+00
     64.319     3.1082     64.931   2.954381    434.000  0.000e+00
     64.349     3.1074     64.961   2.954087    434.250  0.000e+00
     64.376     3.1058     64.988   2.953910    434.500  0.000e+00
     64.403     3.1039     65.016   2.953689    434.750  0.000e+00
     64.442     3.1021     65.055   2.953800    435.000  0.000e+00
     64.478     3.1011     65.092   2.953977    435.250  0.000e+00
     64.515     3.1013     65.128   2.954381    435.500  0.000e+00
     64.545     3.1032     65.159   2.954424    435.750  0.000e+00
     64.596     3.1050     65.210   2.954442    436.000  0.000e+00
     64.623     3.1060     65.238   2.954559    436.250  0.000e+00
     64.659     3.1069     65.274   2.954755    436.500  0.000e+00
     64.689     3.1083     65.305   2.954491    436.750  0.000e+00
     64.716     3.1083     65.332   2.954314    437.000  0.000e+00
     64.762     3.1073     65.378   2.954265    437.250  0.000e+00
     64.783     3.1063     65.399   2.954559    437.500  0.000e+00
     64.813     3.1067     65.429   2.955067    437.750  0.000e+00
     64.849     3.1094     65.466   2.954981    438.000  0.000e+00
     64.873     3.1112     65.490   2.954687    438.250  0.000e+00
     64.906     3.1109     65.524   2.954822    438.500  0.000e+00
     64.933     3.1108     65.551   2.954847    438.750  0.000e+00
     64.951     3.1112     65.569   2.954755    439.000  0.000e+00
     64.972     3.1111     65.591   2.954804    439.250  0.000e+00
     65.012     3.1108     65.630   2.954779    439.500  0.000e+00
     65.036     3.1107     65.654   2.954687    439.750  0.000e+00
     65.066     3.1103     65.685   2.954712    440.000  0.000e+00
     65.078     3.1101     65.697   2.954755    440.250  0.000e+00
     65.105     3.1101     65.724   2.954822    440.500  0.000e+00
     65.138     3.1103     65.758   2.954602    440.750  0.000e+00
     65.174     3.1098     65.794   2.954688    441.000  0.000e+00
     65.210     3.1093     65.831   2.954737    441.250  0.000e+00
     65.241     3.1096     65.861   2.954712    441.500  0.000e+00
     65.274     3.1096     65.895   2.954626    441.750  0.000e+00
     65.304     3.1098     65.925   2.954847    442.000  0.000e+00
     65.337     3.1101     65.959   2.954688    442.250  0.000e+00
     65.376     3.1101     65.998   2.954626    442.500  0.000e+00
     65.400     3.1095     66.023   2.954645    442.750  0.000e+00
     65.430     3.1090     66.053   2.954688    443.000  0.000e+00
     65.458     3.1090     66.080   2.954669    443.250  0.000e+00
     65.485     3.1091     66.108   2.954804    443.500  0.000e+00
     65.512     3.1097     66.135   2.955110    443.750  0.000e+00
     65.527     3.1114     66.150   2.955159    444.000  0.000e+00
     65.551     3.1127     66.175   2.955110    444.250  0.000e+00
     65.572     3.1135     66.196   2.955092    444.500  0.000e+00
     65.602     3.1136     66.226   2.954914    444.750  0.000e+00
     65.635     3.1128     66.260   2.954890    445.000  0.000e+00
     65.659     3.1120     66.284   2.954957    445.250  0.000e+00
     65.680     3.1119     66.305   2.954982    445.500  0.000e+00
     65.713     3.1120     66.339   2.954822    445.750  0.000e+00
     65.729     3.1115     66.354   2.954804    446.000  0.000e+00
     65.759     3.1111     66.384   2.954688    446.250  0.000e+00
     65.789     3.1103     66.415   2.954669    446.500  0.000e+00
     65.807     3.1096     66.433   2.954804    446.750  0.000e+00
     65.837     3.1097     66.463   2.954712    447.000  0.000e+00
     65.849     3.1096     66.476   2.954780    447.250  0.000e+00
     65.879     3.1098     66.506   2.954780    447.500  0.000e+00
     65.912     3.1099     66.539   2.954804    447.750  0.000e+00
     65.924     3.1099     66.552   2.954890    448.000  0.000e+00
     65.942     3.1106     66.570   2.954982    448.250  0.000e+00
     65.960     3.1112     66.588   2.954933    448.500  0.000e+00
     65.979     3.1116     66.606   2.955025    448.750  0.000e+00
     65.997     3.1121     66.625   2.955533    449.000  0.000e+00
     66.030     3.1146     66.658   2.955312    449.250  0.000e+00
     66.051     3.1156     66.679   2.954890    449.500  0.000e+00
     66.066     3.1141     66.695   2.955245    449.750  0.000e+00
     66.102     3.1141     66.731   2.955502    450.000  0.000e+00
     66.120     3.1155     66.749   2.955245    450.250  0.000e+00
     66.147     3.1157     66.777   2.954982    450.500  0.000e+00
     66.162     3.1142     66.792   2.954933    450.750  0.000e+00
     66.180     3.1128     66.810   2.954933    451.000  0.000e+00
     66.214     3.1123     66.844   2.954755    451.250  0.000e+00
     66.220     3.1113     66.850   2.954933    451.500  0.000e+00
     66.241     3.1112     66.871   2.954890    451.750  0.000e+00
     66.259     3.1113     66.889   2.954669    452.000  0.000e+00
     66.265     3.1103     66.895   2.954669    452.250  0.000e+00
     66.280     3.1095     66.911   2.955067    452.500  0.000e+00
     66.301     3.1106     66.932   2.955423    452.750  0.000e+00
     66.319     3.1134     66.950   2.955380    453.000  0.000e+00
     66.340     3.1153     66.971   2.955404    453.250  0.000e+00
     66.364     3.1160     66.996   2.955404    453.500  0.000e+00
     66.382     3.1163     67.014   2.955404    453.750  0.000e+00
     66.403     3.1163     67.035   2.955270    454.000  0.000e+00
     66.436     3.1159     67.069   2.955355    454.250  0.000e+00
     66.461     3.1158     67.093   2.955404    454.500  0.000e+00
     66.485     3.1162     67.117   2.955355    454.750  0.000e+00
     66.509     3.1163     67.142   2.955557    455.000  0.000e+00
     66.527     3.1170     67.160   2.955466    455.250  0.000e+00
     66.545     3.1171     67.178   2.955312    455.500  0.000e+00
     66.572     3.1164     67.206   2.955245    455.750  0.000e+00
     66.587     3.1158     67.221   2.955159    456.000  0.000e+00
     66.599     3.1149     67.233   2.955135    456.250  0.000e+00
     66.608     3.1144     67.242   2.954890    456.500  0.000e+00
     66.620     3.1130     67.254   2.954804    456.750  0.000e+00
     66.632     3.1116     67.267   2.954755    457.000  0.000e+00
     66.638     3.1106     67.273   2.954890    457.250  0.000e+00
     66.656     3.1105     67.291   2.955025    457.500  0.000e+00
     66.662     3.1112     67.297   2.954933    457.750  0.000e+00
     66.656     3.1115     67.291   2.954890    458.000  0.000e+00
     66.653     3.1112     67.288   2.955000    458.250  0.000e+00
     66.656     3.1115     67.291   2.955068    458.500  0.000e+00
     66.653     3.1122     67.288   2.955043    458.750  0.000e+00
     66.662     3.1126     67.297   2.955025    459.000  0.000e+00
     66.659     3.1125     67.294   2.955092    459.250  0.000e+00
     66.659     3.1126     67.294   2.955178    459.500  0.000e+00
     66.696     3.1132     67.330   2.955202    459.750  0.000e+00
     66.699     3.1137     67.333   2.953555    460.000  0.000e+00
     66.720     3.1141     67.355   2.955202    460.250  0.000e+00
     66.732     3.1139     67.367   2.955000    460.500  0.000e+00
     66.744     3.1135     67.379   2.954933    460.750  0.000e+00
     66.765     3.1125     67.400   2.954890    461.000  0.000e+00
     66.777     3.1116     67.413   2.955000    461.250  0.000e+00
     66.774     3.1116     67.410   2.954982    461.500  0.000e+00
     66.783     3.1120     67.419   2.955092    461.750  0.000e+00
     66.792     3.1123     67.428   2.955068    462.000  0.000e+00
     66.792     3.1126     67.428   2.954933    462.250  0.000e+00
     66.804     3.1123     67.440   2.954957    462.500  0.000e+00
     66.792     3.1122     67.428   2.955043    462.750  0.000e+00
     66.792     3.1123     67.428   2.955000    463.000  0.000e+00
     66.804     3.1122     67.440   2.955043    463.250  0.000e+00
     66.813     3.1123     67.449   2.955110    463.500  0.000e+00
     66.828     3.1127     67.464   2.955159    463.750  0.000e+00
     66.846     3.1132     67.483   2.955135    464.000  0.000e+00
     66.858     3.1132     67.495   2.955110    464.250  0.000e+00
     66.849     3.1133     67.486   2.955092    464.500  0.000e+00
     66.870     3.1130     67.507   2.955000    464.750  0.000e+00
     66.886     3.1125     67.522   2.954957    465.000  0.000e+00
     66.886     3.1121     67.522   2.954847    465.250  0.000e+00
     66.895     3.1114     67.531   2.954847    465.500  0.000e+00
     66.907     3.1109     67.544   2.954823    465.750  0.000e+00
     66.907     3.1105     67.544   2.954908    466.000  0.000e+00
     66.922     3.1107     67.559   2.954866    466.250  0.000e+00
     66.913     3.1106     67.550   2.954823    466.500  0.000e+00
     66.931     3.1104     67.568   2.954866    466.750  0.000e+00
     66.943     3.1105     67.580   2.954915    467.000  0.000e+00
     66.943     3.1108     67.580   2.954915    467.250  0.000e+00
     66.955     3.1109     67.592   2.954823    467.500  0.000e+00
     66.961     3.1108     67.598   2.954780    467.750  0.000e+00
     66.973     3.1103     67.610   2.954780    468.000  0.000e+00
     66.970     3.1098     67.607   2.954670    468.250  0.000e+00
     66.973     3.1093     67.610   2.954688    468.500  0.000e+00
     66.985     3.1088     67.623   2.954713    468.750  0.000e+00
     66.982     3.1089     67.620   2.954737    469.000  0.000e+00
     66.985     3.1089     67.623   2.954737    469.250  0.000e+00
     66.988     3.1090     67.626   2.954737    469.500  0.000e+00
     66.988     3.1092     67.626   2.954755    469.750  0.000e+00
     66.973     3.1091     67.611   2.954737    470.000  0.000e+00
     66.973     3.1092     67.611   2.954713    470.250  0.000e+00
     66.979     3.1092     67.617   2.954688    470.500  0.000e+00
     66.976     3.1090     67.614   2.954713    470.750  0.000e+00
     66.970     3.1090     67.608   2.954688    471.000  0.000e+00
     66.979     3.1089     67.617   2.954737    471.250  0.000e+00
     66.979     3.1090     67.617   2.954670    471.500  0.000e+00
     66.985     3.1088     67.623   2.954602    471.750  0.000e+00
     66.985     3.1083     67.623   2.954627    472.000  0.000e+00
     67.000     3.1081     67.638   2.954602    472.250  0.000e+00
     67.009     3.1079     67.647   2.954468    472.500  0.000e+00
     67.024     3.1074     67.662   2.954400    472.750  0.000e+00
     67.033     3.1065     67.671   2.954400    473.000  0.000e+00
     67.027     3.1060     67.665   2.954425    473.250  0.000e+00
     67.030     3.1060     67.668   2.954382    473.500  0.000e+00
     67.033     3.1058     67.671   2.954535    473.750  0.000e+00
     67.027     3.1059     67.665   2.954627    474.000  0.000e+00
     67.039     3.1066     67.678   2.954645    474.250  0.000e+00
     67.042     3.1073     67.681   2.954535    474.500  0.000e+00
     67.039     3.1075     67.678   2.954602    474.750  0.000e+00
     67.064     3.1074     67.702   2.954468    475.000  0.000e+00
     67.067     3.1070     67.705   2.954223    475.250  0.000e+00
     67.076     3.1057     67.714   2.954180    475.500  0.000e+00
     67.082     3.1044     67.720   2.954155    475.750  0.000e+00
     67.091     3.1037     67.729   2.954247    476.000  0.000e+00
     67.097     3.1035     67.735   2.954290    476.250  0.000e+00
     67.106     3.1037     67.745   2.954247    476.500  0.000e+00
     67.115     3.1038     67.754   2.954333    476.750  0.000e+00
     67.118     3.1041     67.757   2.954425    477.000  0.000e+00
     67.124     3.1048     67.763   2.954247    477.250  0.000e+00
