inst/exdata/ctd2btd/SBE19plus_01908103_2021_06_01_94_0004_raw.cnv
* Sea-Bird SBE19plus  Data File:
* FileName = C:\CTD\202101_94_L1\2021_06_01\SBE19plus_01908103_2021_06_01_94_0004.hex
* Software version 2.8.0.119
* Temperature SN = 8103
* Conductivity SN = 8103
* System UpLoad Time = Jun 01 2021 22:58:34
* <ApplicationData>
* <Seaterm232>
# nquan = 7
# nvalues = 11245                                 
# units = specified
# name 0 = timeS: Time, Elapsed [seconds]
# name 1 = timeS: Time, Elapsed [seconds]
# name 2 = tv290C: Temperature [ITS-90, deg C]
# name 3 = c0S/m: Conductivity [S/m]
# name 4 = prdM: Pressure, Strain Gauge [db]
# name 5 = depSM: Depth [salt water, m], lat = 0.00
# name 6 = flag:  0.000e+00
# span 0 =      0.000,   2811.000                 
# span 1 =      0.000,   2811.000                 
# span 2 =     4.7571,     7.6279                 
# span 3 =  -0.000015,   3.057150                 
# span 4 =     -0.325,     38.330                 
# span 5 =     -0.323,     38.115                 
# span 6 = 0.0000e+00, 0.0000e+00                 
# interval = seconds: 0.25
# start_time = Jun 01 2021 15:18:52 [Instrument's time stamp, header]
# bad_flag = -9.990e-29
*END*
[from data line 8616]
   2154.000   2154.000     4.7984   3.012544     38.109     37.897  0.000e+00
   2154.250   2154.250     4.7984   3.012544     38.113     37.900  0.000e+00
   2154.500   2154.500     4.7985   3.012544     38.109     37.897  0.000e+00
   2154.750   2154.750     4.7985   3.012569     38.106     37.894  0.000e+00
   2155.000   2155.000     4.7984   3.012569     38.100     37.887  0.000e+00
   2155.250   2155.250     4.7986   3.012569     38.103     37.891  0.000e+00
   2155.500   2155.500     4.7986   3.012588     38.097     37.884  0.000e+00
   2155.750   2155.750     4.7986   3.012613     38.088     37.875  0.000e+00
   2156.000   2156.000     4.7988   3.012631     38.088     37.875  0.000e+00
   2156.250   2156.250     4.7988   3.012631     38.085     37.872  0.000e+00
   2156.500   2156.500     4.7989   3.012656     38.082     37.869  0.000e+00
   2156.750   2156.750     4.7989   3.012631     38.079     37.866  0.000e+00
   2157.000   2157.000     4.7991   3.012656     38.082     37.869  0.000e+00
   2157.250   2157.250     4.7991   3.012631     38.094     37.882  0.000e+00
   2157.500   2157.500     4.7992   3.012681     38.106     37.894  0.000e+00
   2157.750   2157.750     4.7993   3.012700     38.115     37.903  0.000e+00
   2158.000   2158.000     4.7993   3.012656     38.106     37.894  0.000e+00
   2158.250   2158.250     4.7994   3.012656     38.112     37.900  0.000e+00
   2158.500   2158.500     4.7994   3.012613     38.116     37.903  0.000e+00
   2158.750   2158.750     4.7995   3.012631     38.122     37.909  0.000e+00
   2159.000   2159.000     4.7995   3.012613     38.113     37.900  0.000e+00
   2159.250   2159.250     4.7996   3.012588     38.119     37.906  0.000e+00
   2159.500   2159.500     4.7996   3.012613     38.116     37.903  0.000e+00
   2159.750   2159.750     4.7996   3.012588     38.106     37.894  0.000e+00
   2160.000   2160.000     4.7996   3.012569     38.097     37.884  0.000e+00
   2160.250   2160.250     4.7995   3.012500     38.097     37.884  0.000e+00
   2160.500   2160.500     4.7994   3.012456     38.097     37.884  0.000e+00
   2160.750   2160.750     4.7994   3.012431     38.100     37.887  0.000e+00
   2161.000   2161.000     4.7993   3.012456     38.094     37.881  0.000e+00
   2161.250   2161.250     4.7992   3.012500     38.097     37.884  0.000e+00
   2161.500   2161.500     4.7994   3.012500     38.103     37.891  0.000e+00
   2161.750   2161.750     4.7993   3.012431     38.116     37.903  0.000e+00
   2162.000   2162.000     4.7993   3.012319     38.119     37.906  0.000e+00
   2162.250   2162.250     4.7992   3.012275     38.125     37.912  0.000e+00
   2162.500   2162.500     4.7988   3.012231     38.122     37.909  0.000e+00
   2162.750   2162.750     4.7987   3.012206     38.119     37.906  0.000e+00
   2163.000   2163.000     4.7987   3.012138     38.116     37.903  0.000e+00
   2163.250   2163.250     4.7985   3.012206     38.109     37.897  0.000e+00
   2163.500   2163.500     4.7985   3.012250     38.113     37.900  0.000e+00
   2163.750   2163.750     4.7986   3.012319     38.116     37.903  0.000e+00
   2164.000   2164.000     4.7987   3.012406     38.119     37.906  0.000e+00
   2164.250   2164.250     4.7987   3.012406     38.122     37.909  0.000e+00
   2164.500   2164.500     4.7990   3.012456     38.125     37.912  0.000e+00
   2164.750   2164.750     4.7990   3.012406     38.125     37.912  0.000e+00
   2165.000   2165.000     4.7992   3.012344     38.128     37.915  0.000e+00
   2165.250   2165.250     4.7990   3.012363     38.134     37.921  0.000e+00
   2165.500   2165.500     4.7989   3.012363     38.128     37.915  0.000e+00
   2165.750   2165.750     4.7990   3.012344     38.122     37.909  0.000e+00
   2166.000   2166.000     4.7989   3.012363     38.116     37.903  0.000e+00
   2166.250   2166.250     4.7989   3.012363     38.116     37.903  0.000e+00
   2166.500   2166.500     4.7990   3.012456     38.110     37.897  0.000e+00
   2166.750   2166.750     4.7990   3.012456     38.110     37.897  0.000e+00
   2167.000   2167.000     4.7991   3.012475     38.110     37.897  0.000e+00
   2167.250   2167.250     4.7993   3.012431     38.110     37.897  0.000e+00
   2167.500   2167.500     4.7993   3.012500     38.110     37.897  0.000e+00
   2167.750   2167.750     4.7994   3.012431     38.097     37.885  0.000e+00
   2168.000   2168.000     4.7992   3.012388     38.103     37.891  0.000e+00
   2168.250   2168.250     4.7991   3.012344     38.106     37.894  0.000e+00
   2168.500   2168.500     4.7991   3.012406     38.110     37.897  0.000e+00
   2168.750   2168.750     4.7990   3.012406     38.122     37.909  0.000e+00
   2169.000   2169.000     4.7990   3.012388     38.119     37.906  0.000e+00
   2169.250   2169.250     4.7991   3.012344     38.122     37.909  0.000e+00
   2169.500   2169.500     4.7990   3.012319     38.119     37.906  0.000e+00
   2169.750   2169.750     4.7990   3.012206     38.110     37.897  0.000e+00
   2170.000   2170.000     4.7987   3.012206     38.106     37.894  0.000e+00
   2170.250   2170.250     4.7987   3.012206     38.106     37.894  0.000e+00
   2170.500   2170.500     4.7985   3.012188     38.109     37.897  0.000e+00
   2170.750   2170.750     4.7984   3.012163     38.106     37.894  0.000e+00
   2171.000   2171.000     4.7984   3.012138     38.103     37.891  0.000e+00
   2171.250   2171.250     4.7982   3.012094     38.103     37.891  0.000e+00
   2171.500   2171.500     4.7980   3.012050     38.112     37.900  0.000e+00
   2171.750   2171.750     4.7977   3.012094     38.112     37.900  0.000e+00
   2172.000   2172.000     4.7975   3.012006     38.119     37.906  0.000e+00
   2172.250   2172.250     4.7972   3.011963     38.122     37.909  0.000e+00
   2172.500   2172.500     4.7970   3.011981     38.115     37.903  0.000e+00
   2172.750   2172.750     4.7968   3.011981     38.128     37.915  0.000e+00
   2173.000   2173.000     4.7968   3.011981     38.128     37.915  0.000e+00
   2173.250   2173.250     4.7968   3.011963     38.131     37.918  0.000e+00
   2173.500   2173.500     4.7966   3.011963     38.134     37.921  0.000e+00
   2173.750   2173.750     4.7967   3.011938     38.134     37.921  0.000e+00
   2174.000   2174.000     4.7966   3.011913     38.131     37.918  0.000e+00
   2174.250   2174.250     4.7965   3.011913     38.131     37.918  0.000e+00
   2174.500   2174.500     4.7963   3.011913     38.122     37.909  0.000e+00
   2174.750   2174.750     4.7962   3.011963     38.122     37.909  0.000e+00
   2175.000   2175.000     4.7963   3.011963     38.116     37.903  0.000e+00
   2175.250   2175.250     4.7962   3.011938     38.116     37.903  0.000e+00
   2175.500   2175.500     4.7964   3.012006     38.113     37.900  0.000e+00
   2175.750   2175.750     4.7965   3.011981     38.103     37.891  0.000e+00
   2176.000   2176.000     4.7966   3.012006     38.103     37.891  0.000e+00
   2176.250   2176.250     4.7966   3.011963     38.097     37.885  0.000e+00
   2176.500   2176.500     4.7965   3.012006     38.100     37.888  0.000e+00
   2176.750   2176.750     4.7964   3.012006     38.103     37.891  0.000e+00
   2177.000   2177.000     4.7965   3.012006     38.107     37.894  0.000e+00
   2177.250   2177.250     4.7966   3.012025     38.113     37.900  0.000e+00
   2177.500   2177.500     4.7966   3.012050     38.110     37.897  0.000e+00
   2177.750   2177.750     4.7966   3.012050     38.110     37.897  0.000e+00
   2178.000   2178.000     4.7967   3.012075     38.113     37.900  0.000e+00
   2178.250   2178.250     4.7967   3.012119     38.106     37.894  0.000e+00
   2178.500   2178.500     4.7967   3.012119     38.110     37.897  0.000e+00
   2178.750   2178.750     4.7969   3.012119     38.106     37.894  0.000e+00
   2179.000   2179.000     4.7970   3.012163     38.106     37.894  0.000e+00
   2179.250   2179.250     4.7970   3.012138     38.103     37.891  0.000e+00
   2179.500   2179.500     4.7970   3.012163     38.103     37.891  0.000e+00
   2179.750   2179.750     4.7970   3.012206     38.094     37.882  0.000e+00
   2180.000   2180.000     4.7971   3.012206     38.094     37.882  0.000e+00
   2180.250   2180.250     4.7971   3.012163     38.094     37.882  0.000e+00
   2180.500   2180.500     4.7970   3.012163     38.088     37.875  0.000e+00
   2180.750   2180.750     4.7971   3.012163     38.091     37.878  0.000e+00
   2181.000   2181.000     4.7971   3.012138     38.088     37.875  0.000e+00
   2181.250   2181.250     4.7969   3.012119     38.085     37.872  0.000e+00
   2181.500   2181.500     4.7970   3.012138     38.091     37.878  0.000e+00
   2181.750   2181.750     4.7968   3.012119     38.088     37.876  0.000e+00
   2182.000   2182.000     4.7968   3.012119     38.094     37.882  0.000e+00
   2182.250   2182.250     4.7967   3.012094     38.094     37.882  0.000e+00
   2182.500   2182.500     4.7967   3.012138     38.100     37.888  0.000e+00
   2182.750   2182.750     4.7968   3.012138     38.103     37.891  0.000e+00
   2183.000   2183.000     4.7968   3.012138     38.097     37.885  0.000e+00
   2183.250   2183.250     4.7968   3.012075     38.100     37.888  0.000e+00
   2183.500   2183.500     4.7968   3.011963     38.103     37.891  0.000e+00
   2183.750   2183.750     4.7968   3.011963     38.094     37.882  0.000e+00
   2184.000   2184.000     4.7966   3.012006     38.091     37.878  0.000e+00
   2184.250   2184.250     4.7966   3.011963     38.091     37.878  0.000e+00
   2184.500   2184.500     4.7967   3.011869     38.085     37.872  0.000e+00
   2184.750   2184.750     4.7965   3.011938     38.085     37.872  0.000e+00
   2185.000   2185.000     4.7963   3.011938     38.076     37.863  0.000e+00
   2185.250   2185.250     4.7963   3.011963     38.079     37.866  0.000e+00
   2185.500   2185.500     4.7964   3.011963     38.082     37.869  0.000e+00
   2185.750   2185.750     4.7963   3.011963     38.085     37.872  0.000e+00
   2186.000   2186.000     4.7963   3.011938     38.091     37.878  0.000e+00
   2186.250   2186.250     4.7963   3.011938     38.100     37.888  0.000e+00
   2186.500   2186.500     4.7963   3.011938     38.097     37.885  0.000e+00
   2186.750   2186.750     4.7961   3.011938     38.094     37.881  0.000e+00
   2187.000   2187.000     4.7961   3.011913     38.103     37.891  0.000e+00
   2187.250   2187.250     4.7960   3.011913     38.113     37.900  0.000e+00
   2187.500   2187.500     4.7961   3.011938     38.109     37.897  0.000e+00
   2187.750   2187.750     4.7962   3.011913     38.109     37.897  0.000e+00
   2188.000   2188.000     4.7963   3.011938     38.112     37.900  0.000e+00
   2188.250   2188.250     4.7963   3.011938     38.109     37.897  0.000e+00
   2188.500   2188.500     4.7963   3.011913     38.106     37.893  0.000e+00
   2188.750   2188.750     4.7964   3.011938     38.112     37.900  0.000e+00
   2189.000   2189.000     4.7964   3.011938     38.106     37.894  0.000e+00
   2189.250   2189.250     4.7962   3.011938     38.100     37.888  0.000e+00
   2189.500   2189.500     4.7962   3.011938     38.100     37.888  0.000e+00
   2189.750   2189.750     4.7962   3.011938     38.094     37.882  0.000e+00
   2190.000   2190.000     4.7963   3.011938     38.094     37.882  0.000e+00
   2190.250   2190.250     4.7962   3.011963     38.094     37.882  0.000e+00
   2190.500   2190.500     4.7963   3.011963     38.094     37.882  0.000e+00
   2190.750   2190.750     4.7962   3.011981     38.088     37.876  0.000e+00
   2191.000   2191.000     4.7963   3.011963     38.097     37.885  0.000e+00
   2191.250   2191.250     4.7962   3.011981     38.103     37.891  0.000e+00
   2191.500   2191.500     4.7963   3.011981     38.107     37.894  0.000e+00
   2191.750   2191.750     4.7962   3.011981     38.104     37.891  0.000e+00
   2192.000   2192.000     4.7964   3.011963     38.110     37.897  0.000e+00
   2192.250   2192.250     4.7965   3.011981     38.107     37.894  0.000e+00
   2192.500   2192.500     4.7963   3.012006     38.107     37.894  0.000e+00
   2192.750   2192.750     4.7963   3.011981     38.100     37.888  0.000e+00
   2193.000   2193.000     4.7964   3.011938     38.094     37.882  0.000e+00
   2193.250   2193.250     4.7964   3.011938     38.094     37.882  0.000e+00
   2193.500   2193.500     4.7963   3.011938     38.091     37.878  0.000e+00
   2193.750   2193.750     4.7963   3.011913     38.091     37.878  0.000e+00
   2194.000   2194.000     4.7963   3.011913     38.091     37.878  0.000e+00
   2194.250   2194.250     4.7962   3.011913     38.094     37.881  0.000e+00
   2194.500   2194.500     4.7963   3.011869     38.100     37.887  0.000e+00
   2194.750   2194.750     4.7962   3.011913     38.097     37.884  0.000e+00
   2195.000   2195.000     4.7963   3.011869     38.100     37.887  0.000e+00
   2195.250   2195.250     4.7963   3.011869     38.103     37.890  0.000e+00
   2195.500   2195.500     4.7963   3.011913     38.097     37.884  0.000e+00
   2195.750   2195.750     4.7963   3.011913     38.097     37.884  0.000e+00
   2196.000   2196.000     4.7962   3.011913     38.097     37.884  0.000e+00
   2196.250   2196.250     4.7962   3.011894     38.094     37.881  0.000e+00
   2196.500   2196.500     4.7962   3.011913     38.097     37.884  0.000e+00
   2196.750   2196.750     4.7961   3.011825     38.100     37.888  0.000e+00
   2197.000   2197.000     4.7962   3.011913     38.094     37.882  0.000e+00
   2197.250   2197.250     4.7962   3.011913     38.100     37.888  0.000e+00
   2197.500   2197.500     4.7962   3.011913     38.100     37.888  0.000e+00
   2197.750   2197.750     4.7962   3.011963     38.097     37.885  0.000e+00
   2198.000   2198.000     4.7961   3.011963     38.103     37.891  0.000e+00
   2198.250   2198.250     4.7962   3.011938     38.103     37.891  0.000e+00
   2198.500   2198.500     4.7961   3.011913     38.103     37.891  0.000e+00
   2198.750   2198.750     4.7961   3.011963     38.103     37.891  0.000e+00
   2199.000   2199.000     4.7961   3.011913     38.097     37.885  0.000e+00
   2199.250   2199.250     4.7962   3.011963     38.097     37.885  0.000e+00
   2199.500   2199.500     4.7960   3.011938     38.094     37.882  0.000e+00
   2199.750   2199.750     4.7959   3.011963     38.088     37.876  0.000e+00
   2200.000   2200.000     4.7961   3.011981     38.088     37.876  0.000e+00
   2200.250   2200.250     4.7960   3.011938     38.094     37.882  0.000e+00
   2200.500   2200.500     4.7960   3.012006     38.088     37.876  0.000e+00
   2200.750   2200.750     4.7959   3.012006     38.094     37.882  0.000e+00
   2201.000   2201.000     4.7961   3.012006     38.091     37.879  0.000e+00
   2201.250   2201.250     4.7961   3.012050     38.100     37.888  0.000e+00
   2201.500   2201.500     4.7961   3.012050     38.100     37.888  0.000e+00
   2201.750   2201.750     4.7962   3.012050     38.097     37.885  0.000e+00
   2202.000   2202.000     4.7963   3.012050     38.103     37.891  0.000e+00
   2202.250   2202.250     4.7962   3.012050     38.103     37.891  0.000e+00
   2202.500   2202.500     4.7962   3.012006     38.103     37.891  0.000e+00
   2202.750   2202.750     4.7962   3.011981     38.104     37.891  0.000e+00
   2203.000   2203.000     4.7962   3.012025     38.103     37.891  0.000e+00
   2203.250   2203.250     4.7961   3.012050     38.103     37.891  0.000e+00
   2203.500   2203.500     4.7961   3.012050     38.100     37.888  0.000e+00
   2203.750   2203.750     4.7961   3.012050     38.100     37.888  0.000e+00
   2204.000   2204.000     4.7961   3.011757     38.100     37.888  0.000e+00
   2204.250   2204.250     4.7961   3.011981     38.094     37.882  0.000e+00
   2204.500   2204.500     4.7959   3.011913     38.091     37.879  0.000e+00
   2204.750   2204.750     4.7958   3.011869     38.085     37.873  0.000e+00
