inst/exdata/ctd2btd/SBE19plus_01908105_2021_06_25_94_0005.cnv
* Sea-Bird SBE19plus  Data File:
* FileName = C:\CTD\202101_94_L2\2021_06_25\SBE19plus_01908105_2021_06_25_94_0004.hex
* Software version 2.8.0.119
* Temperature SN = 8105
* Conductivity SN = 8105
* System UpLoad Time = Jun 25 2021 20:55:01
* <ApplicationData>
* <Seaterm232>
# nquan = 6
# nvalues = 11080                                 
# units = specified
# name 0 = depSM: Depth [salt water, m], lat = 58.00
# name 1 = tv290C: Temperature [ITS-90, deg C]
# name 2 = prdM: Pressure, Strain Gauge [db]
# name 3 = c0S/m: Conductivity [S/m]
# name 4 = timeS: Time, Elapsed [seconds]
# name 5 = flag:  0.000e+00
# span 0 =     -0.248,     67.786                 
# span 1 =     3.0597,    10.0836                 
# span 2 =     -0.250,     68.432                 
# span 3 =   0.000843,   3.399701                 
# span 4 =      0.000,   2769.750                 
# span 5 = 0.0000e+00, 0.0000e+00                 
# interval = seconds: 0.25
# start_time = Jun 25 2021 17:59:55 [Instrument's time stamp, header]
# bad_flag = -9.990e-29
*END*
[from data line 717]
      0.228     7.9161      0.230   3.350422    179.250  0.000e+00
      0.219     7.9139      0.221   3.350004    179.500  0.000e+00
      0.225     7.9118      0.227   3.348739    179.750  0.000e+00
      0.246     7.9048      0.248   3.350641    180.000  0.000e+00
      0.243     7.9070      0.245   3.351977    180.250  0.000e+00
      0.264     7.9177      0.267   3.355171    180.500  0.000e+00
      0.273     7.9387      0.276   3.360296    180.750  0.000e+00
      0.285     7.9750      0.288   3.363570    181.000  0.000e+00
      0.297     8.0168      0.300   3.368533    181.250  0.000e+00
      0.282     8.0625      0.285   3.370348    181.500  0.000e+00
      0.288     8.0987      0.291   3.357021    181.750  0.000e+00
      0.282     8.0687      0.285   3.348300    182.000  0.000e+00
      0.264     7.9909      0.267   3.350903    182.250  0.000e+00
      0.240     7.9528      0.242   3.371598    182.500  0.000e+00
      0.240     8.0169      0.242   3.382580    182.750  0.000e+00
      0.249     8.1343      0.251   3.371255    183.000  0.000e+00
      0.273     8.1617      0.276   3.361194    183.250  0.000e+00
      0.303     8.1198      0.306   3.359657    183.500  0.000e+00
      0.309     8.0735      0.312   3.362733    183.750  0.000e+00
      0.312     8.0591      0.315   3.364445    184.000  0.000e+00
      0.300     8.0653      0.303   3.367605    184.250  0.000e+00
      0.267     8.0838      0.270   3.368776    184.500  0.000e+00
      0.255     8.1022      0.258   3.366768    184.750  0.000e+00
      0.237     8.1061      0.239   3.359046    185.000  0.000e+00
      0.228     8.0687      0.230   3.357336    185.250  0.000e+00
      0.249     8.0347      0.252   3.352927    185.500  0.000e+00
      0.279     7.9936      0.282   3.349297    185.750  0.000e+00
      0.285     7.9506      0.288   3.346381    186.000  0.000e+00
      0.301     7.9112      0.303   3.345290    186.250  0.000e+00
      0.291     7.8827      0.294   3.344488    186.500  0.000e+00
      0.294     7.8634      0.297   3.343178    186.750  0.000e+00
      0.282     7.8474      0.285   3.343101    187.000  0.000e+00
      0.307     7.8370      0.309   3.343153    187.250  0.000e+00
      0.328     7.8322      0.331   3.343416    187.500  0.000e+00
      0.337     7.8312      0.340   3.343782    187.750  0.000e+00
      0.367     7.8326      0.370   3.344418    188.000  0.000e+00
      0.388     7.8366      0.392   3.345117    188.250  0.000e+00
      0.418     7.8429      0.422   3.346890    188.500  0.000e+00
      0.454     7.8544      0.458   3.347937    188.750  0.000e+00
      0.502     7.8675      0.507   3.347089    189.000  0.000e+00
      0.569     7.8722      0.574   3.350712    189.250  0.000e+00
      0.620     7.8891      0.626   3.352170    189.500  0.000e+00
      0.614     7.9114      0.620   3.359441    189.750  0.000e+00
      0.575     7.9505      0.580   3.349394    190.000  0.000e+00
      0.572     7.9434      0.577   3.345726    190.250  0.000e+00
      0.517     7.9043      0.522   3.366944    190.500  0.000e+00
      0.460     7.9716      0.465   3.351225    190.750  0.000e+00
      0.409     7.9726      0.413   3.347794    191.000  0.000e+00
      0.382     7.9313      0.385   3.353294    191.250  0.000e+00
      0.379     7.9322      0.382   3.360463    191.500  0.000e+00
      0.400     7.9699      0.404   3.363764    191.750  0.000e+00
      0.442     8.0133      0.446   3.366576    192.000  0.000e+00
      0.502     8.0543      0.507   3.366382    192.250  0.000e+00
      0.572     8.0735      0.577   3.345873    192.500  0.000e+00
      0.629     8.0026      0.635   3.344121    192.750  0.000e+00
      0.677     7.9206      0.683   3.342690    193.000  0.000e+00
      0.704     7.8731      0.711   3.345194    193.250  0.000e+00
      0.740     7.8585      0.747   3.352492    193.500  0.000e+00
      0.755     7.8841      0.763   3.354953    193.750  0.000e+00
      0.795     7.9218      0.802   3.352318    194.000  0.000e+00
      0.840     7.9340      0.848   3.354876    194.250  0.000e+00
      0.885     7.9456      0.893   3.360882    194.500  0.000e+00
      0.936     7.9819      0.945   3.365501    194.750  0.000e+00
      1.002     8.0268      1.012   3.364033    195.000  0.000e+00
      1.030     8.0522      1.039   3.353660    195.250  0.000e+00
      1.036     8.0168      1.045   3.346965    195.500  0.000e+00
      1.027     7.9554      1.036   3.349856    195.750  0.000e+00
      1.008     7.9269      1.018   3.350833    196.000  0.000e+00
      0.987     7.9184      0.997   3.341066    196.250  0.000e+00
      1.021     7.8788      1.030   3.341086    196.500  0.000e+00
      1.042     7.8409      1.051   3.339296    196.750  0.000e+00
      1.063     7.8135      1.073   3.339200    197.000  0.000e+00
      1.066     7.7996      1.076   3.346287    197.250  0.000e+00
      1.090     7.8195      1.100   3.347353    197.500  0.000e+00
      1.114     7.8463      1.124   3.347693    197.750  0.000e+00
      1.135     7.8629      1.146   3.345214    198.000  0.000e+00
      1.141     7.8633      1.152   3.346235    198.250  0.000e+00
      1.159     7.8632      1.170   3.355487    198.500  0.000e+00
      1.171     7.9023      1.182   3.358464    198.750  0.000e+00
      1.162     7.9498      1.173   3.356727    199.000  0.000e+00
      1.162     7.9709      1.173   3.356193    199.250  0.000e+00
      1.138     7.9773      1.149   3.355171    199.500  0.000e+00
      1.132     7.9747      1.143   3.354046    199.750  0.000e+00
      1.129     7.9669      1.140   3.353146    200.000  0.000e+00
      1.156     7.9571      1.167   3.352150    200.250  0.000e+00
      1.192     7.9467      1.203   3.350640    200.500  0.000e+00
      1.195     7.9328      1.207   3.346671    200.750  0.000e+00
      1.207     7.9081      1.219   3.350467    201.000  0.000e+00
      1.204     7.9037      1.216   3.352684    201.250  0.000e+00
      1.213     7.9183      1.225   3.355461    201.500  0.000e+00
      1.259     7.9403      1.270   3.356290    201.750  0.000e+00
      1.289     7.9607      1.301   3.356778    202.000  0.000e+00
      1.307     7.9724      1.319   3.356804    202.250  0.000e+00
      1.334     7.9801      1.346   3.357704    202.500  0.000e+00
      1.355     7.9878      1.368   3.359196    202.750  0.000e+00
      1.367     7.9993      1.380   3.358000    203.000  0.000e+00
      1.367     8.0032      1.380   3.357434    203.250  0.000e+00
      1.394     7.9978      1.407   3.358977    203.500  0.000e+00
      1.421     8.0016      1.435   3.349252    203.750  0.000e+00
      1.406     7.9665      1.419   3.347210    204.000  0.000e+00
      1.367     7.9241      1.380   3.352125    204.250  0.000e+00
      1.376     7.9216      1.389   3.356316    204.500  0.000e+00
      1.433     7.9431      1.447   3.349156    204.750  0.000e+00
      1.488     7.9306      1.501   3.343441    205.000  0.000e+00
      1.542     7.8905      1.556   3.342960    205.250  0.000e+00
      1.629     7.8610      1.644   3.344899    205.500  0.000e+00
      1.707     7.8485      1.723   3.347911    205.750  0.000e+00
      1.786     7.8602      1.803   3.349813    206.000  0.000e+00
      1.825     7.8801      1.842   3.349299    206.250  0.000e+00
      1.882     7.8909      1.900   3.343808    206.500  0.000e+00
      1.930     7.8736      1.949   3.345631    206.750  0.000e+00
      1.943     7.8589      1.961   3.340605    207.000  0.000e+00
      1.955     7.8367      1.973   3.341356    207.250  0.000e+00
      1.976     7.8202      1.994   3.356439    207.500  0.000e+00
      2.015     7.8739      2.034   3.343756    207.750  0.000e+00
      2.063     7.8801      2.082   3.343782    208.000  0.000e+00
      2.126     7.8593      2.146   3.353611    208.250  0.000e+00
      2.187     7.8881      2.207   3.347333    208.500  0.000e+00
      2.235     7.8924      2.256   3.357924    208.750  0.000e+00
      2.265     7.9288      2.286   3.357364    209.000  0.000e+00
      2.262     7.9632      2.283   3.354953    209.250  0.000e+00
      2.241     7.9678      2.262   3.350396    209.500  0.000e+00
      2.229     7.9484      2.250   3.349279    209.750  0.000e+00
      2.199     7.9257      2.219   3.350056    210.000  0.000e+00
      2.199     7.9144      2.219   3.343859    210.250  0.000e+00
      2.226     7.8873      2.247   3.338346    210.500  0.000e+00
      2.250     7.8362      2.271   3.338687    210.750  0.000e+00
      2.316     7.8055      2.338   3.344752    211.000  0.000e+00
      2.379     7.8161      2.402   3.340676    211.250  0.000e+00
      2.431     7.8145      2.453   3.341190    211.500  0.000e+00
      2.545     7.8121      2.569   3.346409    211.750  0.000e+00
      2.590     7.8303      2.615   3.354466    212.000  0.000e+00
      2.590     7.8809      2.615   3.345092    212.250  0.000e+00
      2.644     7.8849      2.669   3.350031    212.500  0.000e+00
      2.629     7.8848      2.654   3.341889    212.750  0.000e+00
      2.560     7.8662      2.584   3.329106    213.000  0.000e+00
      2.509     7.7860      2.532   3.327582    213.250  0.000e+00
      2.482     7.7181      2.505   3.332537    213.500  0.000e+00
      2.443     7.7011      2.465   3.332563    213.750  0.000e+00
      2.397     7.7018      2.420   3.329806    214.000  0.000e+00
      2.382     7.6923      2.405   3.327634    214.250  0.000e+00
      2.373     7.6720      2.396   3.324328    214.500  0.000e+00
      2.379     7.6444      2.402   3.315462    214.750  0.000e+00
      2.406     7.5909      2.429   3.319219    215.000  0.000e+00
      2.437     7.5601      2.459   3.319194    215.250  0.000e+00
      2.497     7.5555      2.520   3.317850    215.500  0.000e+00
      2.566     7.5474      2.590   3.320231    215.750  0.000e+00
      2.617     7.5503      2.642   3.324669    216.000  0.000e+00
      2.675     7.5768      2.700   3.329763    216.250  0.000e+00
      2.717     7.6147      2.742   3.325725    216.500  0.000e+00
      2.756     7.6271      2.782   3.325463    216.750  0.000e+00
      2.774     7.6256      2.800   3.330679    217.000  0.000e+00
      2.792     7.6485      2.818   3.345634    217.250  0.000e+00
      2.822     7.7238      2.849   3.339708    217.500  0.000e+00
      2.849     7.7702      2.876   3.338155    217.750  0.000e+00
      2.886     7.7736      2.913   3.336821    218.000  0.000e+00
      2.916     7.7664      2.943   3.318545    218.250  0.000e+00
      2.958     7.6841      2.986   3.342815    218.500  0.000e+00
      3.012     7.7102      3.040   3.359566    218.750  0.000e+00
      3.033     7.8422      3.062   3.346383    219.000  0.000e+00
      3.081     7.8806      3.110   3.342569    219.250  0.000e+00
      3.115     7.8512      3.144   3.347308    219.500  0.000e+00
      3.145     7.8550      3.174   3.337307    219.750  0.000e+00
      3.181     7.8312      3.211   3.329325    220.000  0.000e+00
      3.214     7.7644      3.244   3.363207    220.250  0.000e+00
      3.247     7.8563      3.277   3.377934    220.500  0.000e+00
      3.280     8.0266      3.311   3.371599    220.750  0.000e+00
      3.325     8.1062      3.356   3.377145    221.000  0.000e+00
      3.377     8.1568      3.408   3.378247    221.250  0.000e+00
      3.416     8.1949      3.448   3.370393    221.500  0.000e+00
      3.455     8.1834      3.487   3.366504    221.750  0.000e+00
      3.494     8.1480      3.527   3.361980    222.000  0.000e+00
      3.527     8.1051      3.560   3.360585    222.250  0.000e+00
      3.548     8.0682      3.581   3.361711    222.500  0.000e+00
      3.578     8.0512      3.612   3.349811    222.750  0.000e+00
      3.611     7.9985      3.645   3.337620    223.000  0.000e+00
      3.636     7.9016      3.670   3.328837    223.250  0.000e+00
      3.666     7.7932      3.700   3.341088    223.500  0.000e+00
      3.702     7.7767      3.737   3.338983    223.750  0.000e+00
      3.747     7.7814      3.782   3.338226    224.000  0.000e+00
      3.795     7.7769      3.831   3.342789    224.250  0.000e+00
      3.852     7.7899      3.889   3.332973    224.500  0.000e+00
      3.895     7.7655      3.931   3.327851    224.750  0.000e+00
      3.943     7.7138      3.980   3.326500    225.000  0.000e+00
      4.003     7.6738      4.041   3.321722    225.250  0.000e+00
      4.036     7.6332      4.074   3.319341    225.500  0.000e+00
      4.085     7.5943      4.123   3.318663    225.750  0.000e+00
      4.133     7.5683      4.171   3.317895    226.000  0.000e+00
      4.169     7.5510      4.208   3.315898    226.250  0.000e+00
      4.214     7.5342      4.254   3.323414    226.500  0.000e+00
      4.280     7.5523      4.320   3.330244    226.750  0.000e+00
      4.347     7.6075      4.387   3.329641    227.000  0.000e+00
      4.413     7.6384      4.454   3.327513    227.250  0.000e+00
      4.494     7.6481      4.536   3.327776    227.500  0.000e+00
      4.576     7.6467      4.618   3.329955    227.750  0.000e+00
      4.663     7.6599      4.707   3.334116    228.000  0.000e+00
      4.729     7.6871      4.774   3.346777    228.250  0.000e+00
      4.771     7.7476      4.816   3.327391    228.500  0.000e+00
      4.817     7.7332      4.862   3.323457    228.750  0.000e+00
      4.862     7.6739      4.907   3.329955    229.000  0.000e+00
      4.931     7.6636      4.977   3.339562    229.250  0.000e+00
      4.994     7.7106      5.041   3.342790    229.500  0.000e+00
      5.064     7.7616      5.111   3.336122    229.750  0.000e+00
      5.127     7.7662      5.175   3.333967    230.000  0.000e+00
      5.175     7.7457      5.224   3.333653    230.250  0.000e+00
      5.241     7.7322      5.290   3.338740    230.500  0.000e+00
      5.296     7.7482      5.345   3.342109    230.750  0.000e+00
      5.362     7.7761      5.412   3.334429    231.000  0.000e+00
      5.410     7.7635      5.461   3.326474    231.250  0.000e+00
      5.443     7.7107      5.494   3.319769    231.500  0.000e+00
      5.470     7.6416      5.522   3.318688    231.750  0.000e+00
      5.506     7.5946      5.558   3.317773    232.000  0.000e+00
      5.519     7.5623      5.570   3.310442    232.250  0.000e+00
      5.549     7.5149      5.601   3.302535    232.500  0.000e+00
      5.591     7.4433      5.643   3.302031    232.750  0.000e+00
      5.654     7.3982      5.707   3.310303    233.000  0.000e+00
      5.723     7.4059      5.777   3.304498    233.250  0.000e+00
      5.778     7.4023      5.832   3.302946    233.500  0.000e+00
      5.817     7.3818      5.871   3.307784    233.750  0.000e+00
      5.871     7.3865      5.926   3.294190    234.000  0.000e+00
      5.916     7.3442      5.972   3.286611    234.250  0.000e+00
      5.934     7.2642      5.990   3.287830    234.500  0.000e+00
      5.986     7.2224      6.042   3.273881    234.750  0.000e+00
      6.049     7.1388      6.105   3.275920    235.000  0.000e+00
      6.115     7.0864      6.172   3.278723    235.250  0.000e+00
      6.184     7.0767      6.242   3.288738    235.500  0.000e+00
      6.266     7.1205      6.324   3.303115    235.750  0.000e+00
      6.326     7.2198      6.385   3.309467    236.000  0.000e+00
      6.377     7.3181      6.437   3.314436    236.250  0.000e+00
      6.449     7.4003      6.510   3.301866    236.500  0.000e+00
      6.507     7.3998      6.568   3.306659    236.750  0.000e+00
      6.558     7.3943      6.619   3.307183    237.000  0.000e+00
      6.618     7.4028      6.680   3.304550    237.250  0.000e+00
      6.684     7.3947      6.747   3.300934    237.500  0.000e+00
      6.745     7.3699      6.808   3.292212    237.750  0.000e+00
      6.817     7.3155      6.881   3.285254    238.000  0.000e+00
      6.880     7.2448      6.945   3.282571    238.250  0.000e+00
      6.953     7.1849      7.018   3.284949    238.500  0.000e+00
