inst/exdata/ctd2btd/SBE19plus_01908105_2021_06_25_94_0005.cnv
* Sea-Bird SBE19plus  Data File:
* FileName = C:\CTD\202101_94_L2\2021_06_25\SBE19plus_01908105_2021_06_25_94_0004.hex
* Software version 2.8.0.119
* Temperature SN = 8105
* Conductivity SN = 8105
* System UpLoad Time = Jun 25 2021 20:55:01
* <ApplicationData>
* <Seaterm232>
# nquan = 6
# nvalues = 11080                                 
# units = specified
# name 0 = depSM: Depth [salt water, m], lat = 58.00
# name 1 = tv290C: Temperature [ITS-90, deg C]
# name 2 = prdM: Pressure, Strain Gauge [db]
# name 3 = c0S/m: Conductivity [S/m]
# name 4 = timeS: Time, Elapsed [seconds]
# name 5 = flag:  0.000e+00
# span 0 =     -0.248,     67.786                 
# span 1 =     3.0597,    10.0836                 
# span 2 =     -0.250,     68.432                 
# span 3 =   0.000843,   3.399701                 
# span 4 =      0.000,   2769.750                 
# span 5 = 0.0000e+00, 0.0000e+00                 
# interval = seconds: 0.25
# start_time = Jun 25 2021 17:59:55 [Instrument's time stamp, header]
# bad_flag = -9.990e-29
*END*
[from data line 8836]
     67.455     3.1165     68.097   2.955337   2209.000  0.000e+00
     67.458     3.1165     68.100   2.955356   2209.250  0.000e+00
     67.455     3.1166     68.097   2.955423   2209.500  0.000e+00
     67.464     3.1170     68.106   2.955466   2209.750  0.000e+00
     67.470     3.1176     68.112   2.955466   2210.000  0.000e+00
     67.467     3.1179     68.109   2.955423   2210.250  0.000e+00
     67.473     3.1177     68.115   2.955380   2210.500  0.000e+00
     67.482     3.1174     68.124   2.955380   2210.750  0.000e+00
     67.479     3.1173     68.121   2.955313   2211.000  0.000e+00
     67.482     3.1171     68.124   2.955178   2211.250  0.000e+00
     67.476     3.1163     68.118   2.955178   2211.500  0.000e+00
     67.473     3.1158     68.115   2.955160   2211.750  0.000e+00
     67.470     3.1153     68.112   2.955160   2212.000  0.000e+00
     67.464     3.1153     68.106   2.955245   2212.250  0.000e+00
     67.467     3.1153     68.109   2.955313   2212.500  0.000e+00
     67.461     3.1159     68.103   2.955270   2212.750  0.000e+00
     67.455     3.1161     68.097   2.955245   2213.000  0.000e+00
     67.461     3.1159     68.103   2.955178   2213.250  0.000e+00
     67.452     3.1157     68.094   2.955245   2213.500  0.000e+00
     67.458     3.1160     68.100   2.955245   2213.750  0.000e+00
     67.455     3.1160     68.097   2.955337   2214.000  0.000e+00
     67.458     3.1161     68.100   2.955270   2214.250  0.000e+00
     67.470     3.1162     68.112   2.955270   2214.500  0.000e+00
     67.473     3.1161     68.115   2.955270   2214.750  0.000e+00
     67.473     3.1162     68.115   2.955270   2215.000  0.000e+00
     67.482     3.1160     68.124   2.955221   2215.250  0.000e+00
     67.494     3.1160     68.137   2.955288   2215.500  0.000e+00
     67.482     3.1161     68.124   2.955313   2215.750  0.000e+00
     67.500     3.1162     68.143   2.955313   2216.000  0.000e+00
     67.494     3.1164     68.137   2.955356   2216.250  0.000e+00
     67.497     3.1165     68.140   2.955405   2216.500  0.000e+00
     67.479     3.1169     68.121   2.955380   2216.750  0.000e+00
     67.488     3.1170     68.131   2.955356   2217.000  0.000e+00
     67.479     3.1171     68.121   2.955423   2217.250  0.000e+00
     67.479     3.1174     68.121   2.955447   2217.500  0.000e+00
     67.479     3.1177     68.121   2.955447   2217.750  0.000e+00
     67.479     3.1177     68.121   2.955423   2218.000  0.000e+00
     67.473     3.1178     68.115   2.955423   2218.250  0.000e+00
     67.479     3.1176     68.121   2.955380   2218.500  0.000e+00
     67.485     3.1175     68.127   2.955380   2218.750  0.000e+00
     67.491     3.1174     68.134   2.955405   2219.000  0.000e+00
     67.491     3.1171     68.134   2.955356   2219.250  0.000e+00
     67.500     3.1172     68.143   2.955337   2219.500  0.000e+00
     67.518     3.1169     68.161   2.955356   2219.750  0.000e+00
     67.506     3.1169     68.149   2.955423   2220.000  0.000e+00
     67.500     3.1170     68.143   2.955356   2220.250  0.000e+00
     67.488     3.1171     68.131   2.955288   2220.500  0.000e+00
     67.473     3.1169     68.115   2.955313   2220.750  0.000e+00
     67.488     3.1166     68.131   2.955337   2221.000  0.000e+00
     67.482     3.1165     68.124   2.955313   2221.250  0.000e+00
     67.470     3.1165     68.112   2.955337   2221.500  0.000e+00
     67.452     3.1164     68.094   2.955356   2221.750  0.000e+00
     67.458     3.1165     68.100   2.955313   2222.000  0.000e+00
     67.449     3.1165     68.091   2.955337   2222.250  0.000e+00
     67.458     3.1165     68.100   2.955313   2222.500  0.000e+00
     67.464     3.1165     68.106   2.955288   2222.750  0.000e+00
     67.455     3.1165     68.097   2.955337   2223.000  0.000e+00
     67.455     3.1165     68.097   2.955270   2223.250  0.000e+00
     67.461     3.1164     68.103   2.955270   2223.500  0.000e+00
     67.467     3.1160     68.109   2.955221   2223.750  0.000e+00
     67.464     3.1159     68.106   2.955288   2224.000  0.000e+00
     67.449     3.1159     68.091   2.955221   2224.250  0.000e+00
     67.458     3.1158     68.100   2.955245   2224.500  0.000e+00
     67.455     3.1156     68.097   2.955221   2224.750  0.000e+00
     67.449     3.1156     68.091   2.955245   2225.000  0.000e+00
     67.455     3.1157     68.097   2.955221   2225.250  0.000e+00
     67.443     3.1156     68.085   2.955221   2225.500  0.000e+00
     67.440     3.1153     68.082   2.955111   2225.750  0.000e+00
     67.443     3.1149     68.085   2.955160   2226.000  0.000e+00
     67.437     3.1148     68.079   2.955111   2226.250  0.000e+00
     67.431     3.1149     68.073   2.955068   2226.500  0.000e+00
     67.434     3.1146     68.076   2.955092   2226.750  0.000e+00
     67.434     3.1144     68.076   2.955043   2227.000  0.000e+00
     67.443     3.1142     68.085   2.955092   2227.250  0.000e+00
     67.446     3.1142     68.088   2.955111   2227.500  0.000e+00
     67.449     3.1144     68.091   2.955160   2227.750  0.000e+00
     67.458     3.1145     68.100   2.955202   2228.000  0.000e+00
     67.476     3.1148     68.118   2.955178   2228.250  0.000e+00
     67.470     3.1151     68.112   2.955202   2228.500  0.000e+00
     67.470     3.1151     68.112   2.955245   2228.750  0.000e+00
     67.470     3.1154     68.112   2.955288   2229.000  0.000e+00
     67.461     3.1157     68.103   2.955245   2229.250  0.000e+00
     67.455     3.1158     68.097   2.955221   2229.500  0.000e+00
     67.461     3.1157     68.103   2.955245   2229.750  0.000e+00
     67.458     3.1155     68.100   2.955202   2230.000  0.000e+00
     67.455     3.1155     68.097   2.955270   2230.250  0.000e+00
     67.437     3.1157     68.079   2.955270   2230.500  0.000e+00
     67.446     3.1159     68.088   2.955270   2230.750  0.000e+00
     67.440     3.1159     68.082   2.955270   2231.000  0.000e+00
     67.431     3.1159     68.073   2.955245   2231.250  0.000e+00
     67.446     3.1159     68.088   2.955337   2231.500  0.000e+00
     67.446     3.1160     68.088   2.955288   2231.750  0.000e+00
     67.446     3.1162     68.088   2.955270   2232.000  0.000e+00
     67.446     3.1162     68.088   2.955288   2232.250  0.000e+00
     67.455     3.1162     68.097   2.955270   2232.500  0.000e+00
     67.464     3.1160     68.106   2.955270   2232.750  0.000e+00
     67.476     3.1161     68.119   2.955288   2233.000  0.000e+00
     67.479     3.1161     68.122   2.955288   2233.250  0.000e+00
     67.470     3.1163     68.112   2.955270   2233.500  0.000e+00
     67.473     3.1162     68.115   2.955288   2233.750  0.000e+00
     67.464     3.1163     68.106   2.955270   2234.000  0.000e+00
     67.458     3.1162     68.100   2.955270   2234.250  0.000e+00
     67.455     3.1160     68.097   2.955270   2234.500  0.000e+00
     67.437     3.1160     68.079   2.955270   2234.750  0.000e+00
     67.431     3.1160     68.073   2.955245   2235.000  0.000e+00
     67.425     3.1162     68.067   2.955288   2235.250  0.000e+00
     67.425     3.1162     68.067   2.955245   2235.500  0.000e+00
     67.419     3.1162     68.061   2.955270   2235.750  0.000e+00
     67.419     3.1161     68.061   2.955245   2236.000  0.000e+00
     67.422     3.1159     68.064   2.955245   2236.250  0.000e+00
     67.425     3.1158     68.067   2.955270   2236.500  0.000e+00
     67.434     3.1160     68.076   2.955245   2236.750  0.000e+00
     67.440     3.1160     68.082   2.955135   2237.000  0.000e+00
     67.449     3.1154     68.091   2.954982   2237.250  0.000e+00
     67.452     3.1144     68.094   2.955160   2237.500  0.000e+00
     67.455     3.1143     68.097   2.955160   2237.750  0.000e+00
     67.461     3.1144     68.103   2.955245   2238.000  0.000e+00
     67.464     3.1150     68.106   2.955245   2238.250  0.000e+00
     67.452     3.1153     68.094   2.955221   2238.500  0.000e+00
     67.449     3.1153     68.091   2.955270   2238.750  0.000e+00
     67.449     3.1155     68.091   2.955337   2239.000  0.000e+00
     67.440     3.1159     68.082   2.955313   2239.250  0.000e+00
     67.443     3.1162     68.085   2.955288   2239.500  0.000e+00
     67.455     3.1162     68.097   2.955313   2239.750  0.000e+00
     67.452     3.1164     68.094   2.955202   2240.000  0.000e+00
     67.467     3.1160     68.109   2.955202   2240.250  0.000e+00
     67.482     3.1156     68.125   2.955068   2240.500  0.000e+00
     67.488     3.1150     68.131   2.954780   2240.750  0.000e+00
     67.491     3.1133     68.134   2.954958   2241.000  0.000e+00
     67.503     3.1126     68.146   2.955043   2241.250  0.000e+00
     67.488     3.1130     68.131   2.955043   2241.500  0.000e+00
     67.497     3.1133     68.140   2.955068   2241.750  0.000e+00
     67.503     3.1137     68.146   2.955160   2242.000  0.000e+00
     67.494     3.1141     68.137   2.955092   2242.250  0.000e+00
     67.497     3.1141     68.140   2.954915   2242.500  0.000e+00
     67.476     3.1133     68.118   2.954890   2242.750  0.000e+00
     67.482     3.1127     68.124   2.954890   2243.000  0.000e+00
     67.464     3.1123     68.106   2.954958   2243.250  0.000e+00
     67.473     3.1126     68.115   2.955000   2243.500  0.000e+00
     67.470     3.1130     68.112   2.955043   2243.750  0.000e+00
     67.461     3.1132     68.103   2.954982   2244.000  0.000e+00
     67.458     3.1135     68.100   2.955111   2244.250  0.000e+00
     67.479     3.1139     68.122   2.955135   2244.500  0.000e+00
     67.500     3.1143     68.143   2.955160   2244.750  0.000e+00
     67.503     3.1146     68.146   2.955135   2245.000  0.000e+00
     67.527     3.1147     68.170   2.955178   2245.250  0.000e+00
     67.570     3.1147     68.213   2.955160   2245.500  0.000e+00
     67.588     3.1150     68.231   2.955203   2245.750  0.000e+00
     67.609     3.1151     68.252   2.955178   2246.000  0.000e+00
     67.630     3.1149     68.274   2.955203   2246.250  0.000e+00
     67.651     3.1151     68.295   2.955221   2246.500  0.000e+00
     67.642     3.1152     68.286   2.955135   2246.750  0.000e+00
     67.690     3.1151     68.334   2.954847   2247.000  0.000e+00
     67.684     3.1137     68.328   2.954915   2247.250  0.000e+00
     67.702     3.1128     68.347   2.954933   2247.500  0.000e+00
     67.714     3.1127     68.359   2.954933   2247.750  0.000e+00
     67.717     3.1125     68.362   2.954933   2248.000  0.000e+00
     67.720     3.1123     68.365   2.954890   2248.250  0.000e+00
     67.729     3.1120     68.374   2.954890   2248.500  0.000e+00
     67.735     3.1119     68.380   2.954847   2248.750  0.000e+00
     67.735     3.1117     68.380   2.954915   2249.000  0.000e+00
     67.738     3.1120     68.383   2.954915   2249.250  0.000e+00
     67.744     3.1120     68.389   2.954915   2249.500  0.000e+00
     67.735     3.1121     68.380   2.954933   2249.750  0.000e+00
     67.732     3.1122     68.377   2.954958   2250.000  0.000e+00
     67.753     3.1123     68.398   2.954933   2250.250  0.000e+00
     67.750     3.1125     68.395   2.954982   2250.500  0.000e+00
     67.744     3.1127     68.389   2.955025   2250.750  0.000e+00
     67.738     3.1129     68.383   2.954982   2251.000  0.000e+00
     67.738     3.1130     68.383   2.954958   2251.250  0.000e+00
     67.762     3.1129     68.407   2.954933   2251.500  0.000e+00
     67.762     3.1128     68.407   2.955068   2251.750  0.000e+00
     67.768     3.1132     68.413   2.955092   2252.000  0.000e+00
     67.765     3.1135     68.410   2.955043   2252.250  0.000e+00
     67.762     3.1138     68.407   2.955068   2252.500  0.000e+00
     67.750     3.1138     68.395   2.955025   2252.750  0.000e+00
     67.759     3.1138     68.404   2.955043   2253.000  0.000e+00
     67.780     3.1139     68.426   2.955092   2253.250  0.000e+00
     67.759     3.1140     68.404   2.955092   2253.500  0.000e+00
     67.753     3.1140     68.398   2.955092   2253.750  0.000e+00
     67.744     3.1140     68.389   2.955025   2254.000  0.000e+00
     67.753     3.1136     68.398   2.955001   2254.250  0.000e+00
     67.762     3.1133     68.407   2.954823   2254.500  0.000e+00
     67.765     3.1127     68.410   2.954982   2254.750  0.000e+00
     67.762     3.1125     68.407   2.955068   2255.000  0.000e+00
     67.774     3.1130     68.420   2.955043   2255.250  0.000e+00
     67.780     3.1133     68.426   2.955068   2255.500  0.000e+00
     67.786     3.1135     68.432   2.955068   2255.750  0.000e+00
     67.786     3.1137     68.432   2.955025   2256.000  0.000e+00
     67.756     3.1137     68.401   2.955001   2256.250  0.000e+00
     67.774     3.1136     68.420   2.955025   2256.500  0.000e+00
     67.759     3.1135     68.404   2.954933   2256.750  0.000e+00
     67.759     3.1130     68.404   2.954780   2257.000  0.000e+00
     67.747     3.1121     68.392   2.954737   2257.250  0.000e+00
     67.756     3.1112     68.401   2.954645   2257.500  0.000e+00
     67.741     3.1104     68.386   2.954670   2257.750  0.000e+00
     67.726     3.1099     68.371   2.954737   2258.000  0.000e+00
     67.738     3.1099     68.383   2.954780   2258.250  0.000e+00
     67.720     3.1101     68.365   2.954780   2258.500  0.000e+00
     67.717     3.1104     68.362   2.954805   2258.750  0.000e+00
     67.711     3.1106     68.356   2.954805   2259.000  0.000e+00
     67.708     3.1108     68.353   2.954780   2259.250  0.000e+00
     67.717     3.1108     68.362   2.954823   2259.500  0.000e+00
     67.723     3.1110     68.368   2.954847   2259.750  0.000e+00
     67.741     3.1112     68.386   2.954805   2260.000  0.000e+00
     67.735     3.1112     68.380   2.954780   2260.250  0.000e+00
     67.744     3.1110     68.389   2.954780   2260.500  0.000e+00
     67.732     3.1108     68.377   2.954645   2260.750  0.000e+00
     67.738     3.1104     68.383   2.954425   2261.000  0.000e+00
     67.726     3.1090     68.371   2.954266   2261.250  0.000e+00
     67.717     3.1074     68.362   2.954113   2261.500  0.000e+00
     67.729     3.1059     68.374   2.954088   2261.750  0.000e+00
     67.720     3.1047     68.365   2.954156   2262.000  0.000e+00
     67.708     3.1045     68.353   2.954247   2262.250  0.000e+00
     67.708     3.1047     68.353   2.954425   2262.500  0.000e+00
     67.723     3.1055     68.368   2.954315   2262.750  0.000e+00
     67.729     3.1057     68.374   2.954205   2263.000  0.000e+00
     67.720     3.1055     68.365   2.954223   2263.250  0.000e+00
     67.732     3.1051     68.377   2.954180   2263.500  0.000e+00
     67.723     3.1049     68.368   2.954290   2263.750  0.000e+00
     67.732     3.1052     68.377   2.954401   2264.000  0.000e+00
     67.723     3.1058     68.368   2.954560   2264.250  0.000e+00
     67.729     3.1069     68.374   2.954627   2264.500  0.000e+00
     67.726     3.1079     68.371   2.954603   2264.750  0.000e+00
     67.717     3.1084     68.362   2.954511   2265.000  0.000e+00
     67.708     3.1084     68.353   2.954468   2265.250  0.000e+00
     67.711     3.1079     68.356   2.954443   2265.500  0.000e+00
     67.714     3.1076     68.359   2.954468   2265.750  0.000e+00
     67.717     3.1076     68.362   2.954511   2266.000  0.000e+00
     67.702     3.1076     68.347   2.954492   2266.250  0.000e+00
     67.699     3.1078     68.344   2.954468   2266.500  0.000e+00
     67.708     3.1077     68.353   2.954511   2266.750  0.000e+00
     67.714     3.1078     68.359   2.954492   2267.000  0.000e+00
     67.708     3.1078     68.353   2.954535   2267.250  0.000e+00
     67.708     3.1079     68.353   2.954400   2267.500  0.000e+00
     67.699     3.1076     68.344   2.954400   2267.750  0.000e+00
     67.693     3.1071     68.337   2.954425   2268.000  0.000e+00
     67.684     3.1070     68.328   2.954468   2268.250  0.000e+00
