inst/exdata/ctd2btd/SBE19plus_01908103_2021_06_01_94_0004_raw.cnv
* Sea-Bird SBE19plus  Data File:
* FileName = C:\CTD\202101_94_L1\2021_06_01\SBE19plus_01908103_2021_06_01_94_0004.hex
* Software version 2.8.0.119
* Temperature SN = 8103
* Conductivity SN = 8103
* System UpLoad Time = Jun 01 2021 22:58:34
* <ApplicationData>
* <Seaterm232>
# nquan = 7
# nvalues = 11245                                 
# units = specified
# name 0 = timeS: Time, Elapsed [seconds]
# name 1 = timeS: Time, Elapsed [seconds]
# name 2 = tv290C: Temperature [ITS-90, deg C]
# name 3 = c0S/m: Conductivity [S/m]
# name 4 = prdM: Pressure, Strain Gauge [db]
# name 5 = depSM: Depth [salt water, m], lat = 0.00
# name 6 = flag:  0.000e+00
# span 0 =      0.000,   2811.000                 
# span 1 =      0.000,   2811.000                 
# span 2 =     4.7571,     7.6279                 
# span 3 =  -0.000015,   3.057150                 
# span 4 =     -0.325,     38.330                 
# span 5 =     -0.323,     38.115                 
# span 6 = 0.0000e+00, 0.0000e+00                 
# interval = seconds: 0.25
# start_time = Jun 01 2021 15:18:52 [Instrument's time stamp, header]
# bad_flag = -9.990e-29
*END*
[from data line 4103]
   1025.750   1025.750     4.8774   3.028699     38.107     37.894  0.000e+00
   1026.000   1026.000     4.8774   3.028743     38.095     37.882  0.000e+00
   1026.250   1026.250     4.8772   3.028724     38.101     37.888  0.000e+00
   1026.500   1026.500     4.8773   3.028699     38.107     37.894  0.000e+00
   1026.750   1026.750     4.8772   3.028743     38.107     37.894  0.000e+00
   1027.000   1027.000     4.8772   3.028724     38.110     37.897  0.000e+00
   1027.250   1027.250     4.8772   3.028724     38.104     37.891  0.000e+00
   1027.500   1027.500     4.8772   3.028699     38.101     37.888  0.000e+00
   1027.750   1027.750     4.8774   3.028699     38.092     37.879  0.000e+00
   1028.000   1028.000     4.8773   3.028699     38.092     37.879  0.000e+00
   1028.250   1028.250     4.8774   3.028680     38.083     37.870  0.000e+00
   1028.500   1028.500     4.8774   3.028724     38.092     37.879  0.000e+00
   1028.750   1028.750     4.8773   3.028699     38.089     37.876  0.000e+00
   1029.000   1029.000     4.8773   3.028724     38.083     37.870  0.000e+00
   1029.250   1029.250     4.8772   3.028724     38.086     37.873  0.000e+00
   1029.500   1029.500     4.8772   3.028724     38.086     37.873  0.000e+00
   1029.750   1029.750     4.8772   3.028699     38.092     37.879  0.000e+00
   1030.000   1030.000     4.8772   3.028724     38.092     37.879  0.000e+00
   1030.250   1030.250     4.8772   3.028743     38.107     37.894  0.000e+00
   1030.500   1030.500     4.8771   3.028724     38.107     37.894  0.000e+00
   1030.750   1030.750     4.8772   3.028724     38.107     37.894  0.000e+00
   1031.000   1031.000     4.8772   3.028724     38.104     37.891  0.000e+00
   1031.250   1031.250     4.8771   3.028724     38.113     37.901  0.000e+00
   1031.500   1031.500     4.8772   3.028743     38.123     37.910  0.000e+00
   1031.750   1031.750     4.8772   3.028699     38.116     37.904  0.000e+00
   1032.000   1032.000     4.8772   3.028724     38.117     37.904  0.000e+00
   1032.250   1032.250     4.8772   3.028699     38.120     37.907  0.000e+00
   1032.500   1032.500     4.8774   3.028699     38.120     37.907  0.000e+00
   1032.750   1032.750     4.8774   3.028724     38.117     37.904  0.000e+00
   1033.000   1033.000     4.8772   3.028699     38.117     37.904  0.000e+00
   1033.250   1033.250     4.8772   3.028724     38.123     37.910  0.000e+00
   1033.500   1033.500     4.8770   3.028699     38.123     37.910  0.000e+00
   1033.750   1033.750     4.8768   3.028724     38.129     37.916  0.000e+00
   1034.000   1034.000     4.8770   3.028724     38.135     37.922  0.000e+00
   1034.250   1034.250     4.8770   3.028724     38.132     37.919  0.000e+00
   1034.500   1034.500     4.8770   3.028724     38.129     37.916  0.000e+00
   1034.750   1034.750     4.8770   3.028743     38.129     37.916  0.000e+00
   1035.000   1035.000     4.8770   3.028724     38.132     37.919  0.000e+00
   1035.250   1035.250     4.8770   3.028724     38.129     37.916  0.000e+00
   1035.500   1035.500     4.8771   3.028743     38.129     37.916  0.000e+00
   1035.750   1035.750     4.8771   3.028699     38.126     37.913  0.000e+00
   1036.000   1036.000     4.8772   3.028743     38.120     37.907  0.000e+00
   1036.250   1036.250     4.8772   3.028724     38.117     37.904  0.000e+00
   1036.500   1036.500     4.8771   3.028743     38.117     37.904  0.000e+00
   1036.750   1036.750     4.8769   3.028724     38.120     37.907  0.000e+00
   1037.000   1037.000     4.8771   3.028743     38.126     37.913  0.000e+00
   1037.250   1037.250     4.8770   3.028724     38.123     37.910  0.000e+00
   1037.500   1037.500     4.8768   3.028724     38.123     37.910  0.000e+00
   1037.750   1037.750     4.8768   3.028724     38.117     37.904  0.000e+00
   1038.000   1038.000     4.8768   3.028743     38.114     37.901  0.000e+00
   1038.250   1038.250     4.8768   3.028743     38.114     37.901  0.000e+00
   1038.500   1038.500     4.8767   3.028743     38.114     37.901  0.000e+00
   1038.750   1038.750     4.8767   3.028743     38.114     37.901  0.000e+00
   1039.000   1039.000     4.8768   3.028743     38.114     37.901  0.000e+00
   1039.250   1039.250     4.8768   3.028743     38.114     37.901  0.000e+00
   1039.500   1039.500     4.8768   3.028743     38.111     37.898  0.000e+00
   1039.750   1039.750     4.8770   3.028743     38.104     37.892  0.000e+00
   1040.000   1040.000     4.8770   3.028743     38.101     37.889  0.000e+00
   1040.250   1040.250     4.8773   3.028724     38.107     37.895  0.000e+00
   1040.500   1040.500     4.8771   3.028743     38.107     37.895  0.000e+00
   1040.750   1040.750     4.8772   3.028743     38.107     37.895  0.000e+00
   1041.000   1041.000     4.8771   3.028743     38.110     37.898  0.000e+00
   1041.250   1041.250     4.8772   3.028724     38.113     37.901  0.000e+00
   1041.500   1041.500     4.8774   3.028743     38.114     37.901  0.000e+00
   1041.750   1041.750     4.8775   3.028724     38.114     37.901  0.000e+00
   1042.000   1042.000     4.8774   3.028743     38.111     37.898  0.000e+00
   1042.250   1042.250     4.8776   3.028724     38.120     37.907  0.000e+00
   1042.500   1042.500     4.8778   3.028724     38.114     37.901  0.000e+00
   1042.750   1042.750     4.8778   3.028743     38.114     37.901  0.000e+00
   1043.000   1043.000     4.8777   3.028743     38.120     37.907  0.000e+00
   1043.250   1043.250     4.8777   3.028724     38.117     37.904  0.000e+00
   1043.500   1043.500     4.8777   3.028743     38.120     37.907  0.000e+00
   1043.750   1043.750     4.8777   3.028743     38.120     37.907  0.000e+00
   1044.000   1044.000     4.8777   3.028743     38.117     37.904  0.000e+00
   1044.250   1044.250     4.8777   3.028724     38.114     37.901  0.000e+00
   1044.500   1044.500     4.8777   3.028743     38.117     37.904  0.000e+00
   1044.750   1044.750     4.8777   3.028743     38.120     37.907  0.000e+00
   1045.000   1045.000     4.8777   3.028743     38.117     37.904  0.000e+00
   1045.250   1045.250     4.8777   3.028743     38.117     37.904  0.000e+00
   1045.500   1045.500     4.8776   3.028743     38.120     37.907  0.000e+00
   1045.750   1045.750     4.8774   3.028768     38.117     37.904  0.000e+00
   1046.000   1046.000     4.8774   3.028743     38.120     37.907  0.000e+00
   1046.250   1046.250     4.8772   3.028724     38.123     37.910  0.000e+00
   1046.500   1046.500     4.8773   3.028743     38.123     37.910  0.000e+00
   1046.750   1046.750     4.8771   3.028724     38.123     37.910  0.000e+00
   1047.000   1047.000     4.8769   3.028699     38.126     37.913  0.000e+00
   1047.250   1047.250     4.8771   3.028743     38.123     37.910  0.000e+00
   1047.500   1047.500     4.8770   3.028724     38.120     37.907  0.000e+00
   1047.750   1047.750     4.8772   3.028743     38.120     37.907  0.000e+00
   1048.000   1048.000     4.8773   3.028743     38.123     37.910  0.000e+00
   1048.250   1048.250     4.8775   3.028768     38.126     37.913  0.000e+00
   1048.500   1048.500     4.8775   3.028768     38.120     37.907  0.000e+00
   1048.750   1048.750     4.8776   3.028768     38.126     37.913  0.000e+00
   1049.000   1049.000     4.8777   3.028768     38.129     37.916  0.000e+00
   1049.250   1049.250     4.8776   3.028793     38.123     37.910  0.000e+00
   1049.500   1049.500     4.8776   3.028768     38.126     37.913  0.000e+00
   1049.750   1049.750     4.8775   3.028793     38.114     37.901  0.000e+00
   1050.000   1050.000     4.8776   3.028768     38.114     37.901  0.000e+00
   1050.250   1050.250     4.8775   3.028743     38.108     37.895  0.000e+00
   1050.500   1050.500     4.8772   3.028743     38.105     37.892  0.000e+00
   1050.750   1050.750     4.8772   3.028743     38.108     37.895  0.000e+00
   1051.000   1051.000     4.8771   3.028743     38.102     37.889  0.000e+00
   1051.250   1051.250     4.8771   3.028768     38.102     37.889  0.000e+00
   1051.500   1051.500     4.8771   3.028768     38.102     37.889  0.000e+00
   1051.750   1051.750     4.8770   3.028743     38.111     37.898  0.000e+00
   1052.000   1052.000     4.8771   3.028743     38.105     37.892  0.000e+00
   1052.250   1052.250     4.8772   3.028768     38.102     37.889  0.000e+00
   1052.500   1052.500     4.8774   3.028743     38.111     37.898  0.000e+00
   1052.750   1052.750     4.8774   3.028768     38.105     37.892  0.000e+00
   1053.000   1053.000     4.8773   3.028743     38.096     37.883  0.000e+00
   1053.250   1053.250     4.8774   3.028743     38.105     37.892  0.000e+00
   1053.500   1053.500     4.8774   3.028743     38.099     37.886  0.000e+00
   1053.750   1053.750     4.8775   3.028768     38.102     37.889  0.000e+00
   1054.000   1054.000     4.8775   3.028743     38.099     37.886  0.000e+00
   1054.250   1054.250     4.8775   3.028724     38.105     37.892  0.000e+00
   1054.500   1054.500     4.8773   3.028743     38.105     37.892  0.000e+00
   1054.750   1054.750     4.8774   3.028724     38.102     37.889  0.000e+00
   1055.000   1055.000     4.8772   3.028724     38.099     37.886  0.000e+00
   1055.250   1055.250     4.8773   3.028743     38.102     37.889  0.000e+00
   1055.500   1055.500     4.8772   3.028743     38.105     37.892  0.000e+00
   1055.750   1055.750     4.8774   3.028743     38.108     37.895  0.000e+00
   1056.000   1056.000     4.8774   3.028743     38.105     37.892  0.000e+00
   1056.250   1056.250     4.8772   3.028724     38.102     37.889  0.000e+00
   1056.500   1056.500     4.8774   3.028743     38.102     37.889  0.000e+00
   1056.750   1056.750     4.8774   3.028724     38.099     37.886  0.000e+00
   1057.000   1057.000     4.8775   3.028743     38.108     37.895  0.000e+00
   1057.250   1057.250     4.8777   3.028743     38.108     37.895  0.000e+00
   1057.500   1057.500     4.8777   3.028724     38.111     37.898  0.000e+00
   1057.750   1057.750     4.8778   3.028743     38.117     37.904  0.000e+00
   1058.000   1058.000     4.8776   3.028743     38.114     37.901  0.000e+00
   1058.250   1058.250     4.8776   3.028724     38.111     37.898  0.000e+00
   1058.500   1058.500     4.8776   3.028724     38.111     37.898  0.000e+00
   1058.750   1058.750     4.8775   3.028743     38.114     37.901  0.000e+00
   1059.000   1059.000     4.8776   3.028743     38.120     37.907  0.000e+00
   1059.250   1059.250     4.8775   3.028743     38.114     37.901  0.000e+00
   1059.500   1059.500     4.8775   3.028743     38.117     37.904  0.000e+00
   1059.750   1059.750     4.8776   3.028724     38.108     37.895  0.000e+00
   1060.000   1060.000     4.8778   3.028743     38.108     37.895  0.000e+00
   1060.250   1060.250     4.8779   3.028699     38.108     37.895  0.000e+00
   1060.500   1060.500     4.8779   3.028743     38.105     37.892  0.000e+00
   1060.750   1060.750     4.8781   3.028699     38.102     37.889  0.000e+00
   1061.000   1061.000     4.8781   3.028699     38.102     37.889  0.000e+00
   1061.250   1061.250     4.8780   3.028724     38.102     37.889  0.000e+00
   1061.500   1061.500     4.8778   3.028724     38.093     37.880  0.000e+00
   1061.750   1061.750     4.8776   3.028724     38.099     37.886  0.000e+00
   1062.000   1062.000     4.8776   3.028724     38.102     37.889  0.000e+00
   1062.250   1062.250     4.8778   3.028699     38.099     37.886  0.000e+00
   1062.500   1062.500     4.8779   3.028680     38.096     37.883  0.000e+00
   1062.750   1062.750     4.8779   3.028724     38.096     37.883  0.000e+00
   1063.000   1063.000     4.8780   3.028724     38.096     37.883  0.000e+00
   1063.250   1063.250     4.8780   3.028724     38.096     37.883  0.000e+00
   1063.500   1063.500     4.8780   3.028699     38.096     37.883  0.000e+00
   1063.750   1063.750     4.8780   3.028699     38.102     37.889  0.000e+00
   1064.000   1064.000     4.8780   3.028724     38.099     37.886  0.000e+00
   1064.250   1064.250     4.8782   3.028680     38.096     37.883  0.000e+00
   1064.500   1064.500     4.8782   3.028699     38.102     37.889  0.000e+00
   1064.750   1064.750     4.8783   3.028680     38.105     37.892  0.000e+00
   1065.000   1065.000     4.8783   3.028680     38.108     37.895  0.000e+00
   1065.250   1065.250     4.8783   3.028699     38.111     37.898  0.000e+00
   1065.500   1065.500     4.8783   3.028724     38.108     37.895  0.000e+00
   1065.750   1065.750     4.8783   3.028743     38.108     37.895  0.000e+00
   1066.000   1066.000     4.8782   3.028724     38.111     37.898  0.000e+00
   1066.250   1066.250     4.8781   3.028699     38.108     37.895  0.000e+00
   1066.500   1066.500     4.8783   3.028724     38.111     37.898  0.000e+00
   1066.750   1066.750     4.8782   3.028724     38.111     37.898  0.000e+00
   1067.000   1067.000     4.8782   3.028699     38.108     37.895  0.000e+00
   1067.250   1067.250     4.8784   3.028724     38.105     37.892  0.000e+00
   1067.500   1067.500     4.8784   3.028699     38.111     37.898  0.000e+00
   1067.750   1067.750     4.8785   3.028680     38.120     37.907  0.000e+00
   1068.000   1068.000     4.8786   3.028680     38.123     37.910  0.000e+00
   1068.250   1068.250     4.8787   3.028699     38.126     37.913  0.000e+00
   1068.500   1068.500     4.8787   3.028724     38.132     37.919  0.000e+00
   1068.750   1068.750     4.8786   3.028699     38.139     37.926  0.000e+00
   1069.000   1069.000     4.8785   3.028724     38.139     37.926  0.000e+00
   1069.250   1069.250     4.8785   3.028724     38.135     37.922  0.000e+00
   1069.500   1069.500     4.8785   3.028699     38.139     37.926  0.000e+00
   1069.750   1069.750     4.8785   3.028724     38.139     37.926  0.000e+00
   1070.000   1070.000     4.8784   3.028743     38.126     37.913  0.000e+00
   1070.250   1070.250     4.8785   3.028724     38.133     37.920  0.000e+00
   1070.500   1070.500     4.8785   3.028724     38.129     37.917  0.000e+00
   1070.750   1070.750     4.8785   3.028743     38.117     37.904  0.000e+00
   1071.000   1071.000     4.8784   3.028768     38.117     37.904  0.000e+00
   1071.250   1071.250     4.8783   3.028724     38.114     37.901  0.000e+00
   1071.500   1071.500     4.8784   3.028743     38.108     37.895  0.000e+00
   1071.750   1071.750     4.8784   3.028743     38.108     37.895  0.000e+00
   1072.000   1072.000     4.8784   3.028743     38.102     37.889  0.000e+00
   1072.250   1072.250     4.8783   3.028724     38.111     37.898  0.000e+00
   1072.500   1072.500     4.8781   3.028743     38.114     37.901  0.000e+00
   1072.750   1072.750     4.8781   3.028743     38.108     37.895  0.000e+00
   1073.000   1073.000     4.8780   3.028743     38.117     37.904  0.000e+00
   1073.250   1073.250     4.8778   3.028743     38.123     37.910  0.000e+00
   1073.500   1073.500     4.8779   3.028743     38.123     37.910  0.000e+00
   1073.750   1073.750     4.8779   3.028743     38.117     37.904  0.000e+00
   1074.000   1074.000     4.8778   3.028743     38.114     37.901  0.000e+00
   1074.250   1074.250     4.8776   3.028724     38.117     37.904  0.000e+00
   1074.500   1074.500     4.8776   3.028743     38.114     37.901  0.000e+00
   1074.750   1074.750     4.8775   3.028743     38.111     37.898  0.000e+00
   1075.000   1075.000     4.8776   3.028743     38.114     37.901  0.000e+00
   1075.250   1075.250     4.8775   3.028743     38.114     37.901  0.000e+00
   1075.500   1075.500     4.8775   3.028743     38.114     37.901  0.000e+00
   1075.750   1075.750     4.8775   3.028768     38.111     37.898  0.000e+00
   1076.000   1076.000     4.8774   3.028743     38.120     37.907  0.000e+00
   1076.250   1076.250     4.8775   3.028743     38.120     37.907  0.000e+00
   1076.500   1076.500     4.8774   3.028768     38.126     37.913  0.000e+00
