inst/exdata/ctd2btd/SBE19plus_01908105_2021_06_25_94_0005.cnv
* Sea-Bird SBE19plus  Data File:
* FileName = C:\CTD\202101_94_L2\2021_06_25\SBE19plus_01908105_2021_06_25_94_0004.hex
* Software version 2.8.0.119
* Temperature SN = 8105
* Conductivity SN = 8105
* System UpLoad Time = Jun 25 2021 20:55:01
* <ApplicationData>
* <Seaterm232>
# nquan = 6
# nvalues = 11080                                 
# units = specified
# name 0 = depSM: Depth [salt water, m], lat = 58.00
# name 1 = tv290C: Temperature [ITS-90, deg C]
# name 2 = prdM: Pressure, Strain Gauge [db]
# name 3 = c0S/m: Conductivity [S/m]
# name 4 = timeS: Time, Elapsed [seconds]
# name 5 = flag:  0.000e+00
# span 0 =     -0.248,     67.786                 
# span 1 =     3.0597,    10.0836                 
# span 2 =     -0.250,     68.432                 
# span 3 =   0.000843,   3.399701                 
# span 4 =      0.000,   2769.750                 
# span 5 = 0.0000e+00, 0.0000e+00                 
# interval = seconds: 0.25
# start_time = Jun 25 2021 17:59:55 [Instrument's time stamp, header]
# bad_flag = -9.990e-29
*END*
[from data line 2627]
     67.447     3.1094     68.089   2.954756    656.750  0.000e+00
     67.450     3.1095     68.092   2.954737    657.000  0.000e+00
     67.444     3.1094     68.086   2.954737    657.250  0.000e+00
     67.450     3.1094     68.092   2.954756    657.500  0.000e+00
     67.447     3.1094     68.089   2.954805    657.750  0.000e+00
     67.465     3.1094     68.108   2.954756    658.000  0.000e+00
     67.462     3.1095     68.105   2.954737    658.250  0.000e+00
     67.462     3.1095     68.105   2.954737    658.500  0.000e+00
     67.450     3.1093     68.092   2.954756    658.750  0.000e+00
     67.453     3.1093     68.095   2.954756    659.000  0.000e+00
     67.468     3.1093     68.111   2.954737    659.250  0.000e+00
     67.471     3.1093     68.114   2.954823    659.500  0.000e+00
     67.462     3.1096     68.105   2.954890    659.750  0.000e+00
     67.468     3.1104     68.111   2.954823    660.000  0.000e+00
     67.459     3.1103     68.102   2.954847    660.250  0.000e+00
     67.468     3.1103     68.111   2.954847    660.500  0.000e+00
     67.456     3.1104     68.099   2.954890    660.750  0.000e+00
     67.438     3.1104     68.080   2.954847    661.000  0.000e+00
     67.444     3.1104     68.086   2.954866    661.250  0.000e+00
     67.441     3.1105     68.083   2.954756    661.500  0.000e+00
     67.426     3.1103     68.068   2.954780    661.750  0.000e+00
     67.423     3.1099     68.065   2.954805    662.000  0.000e+00
     67.414     3.1098     68.056   2.954823    662.250  0.000e+00
     67.408     3.1098     68.050   2.954756    662.500  0.000e+00
     67.417     3.1095     68.059   2.954713    662.750  0.000e+00
     67.399     3.1094     68.041   2.954713    663.000  0.000e+00
     67.402     3.1092     68.044   2.954737    663.250  0.000e+00
     67.402     3.1090     68.044   2.955135    663.500  0.000e+00
     67.405     3.1106     68.047   2.955245    663.750  0.000e+00
     67.387     3.1127     68.029   2.955202    664.000  0.000e+00
     67.390     3.1135     68.032   2.955270    664.250  0.000e+00
     67.390     3.1141     68.032   2.955068    664.500  0.000e+00
     67.396     3.1137     68.038   2.954823    664.750  0.000e+00
     67.402     3.1123     68.044   2.955135    665.000  0.000e+00
     67.393     3.1123     68.035   2.954933    665.250  0.000e+00
     67.408     3.1125     68.050   2.955135    665.500  0.000e+00
     67.399     3.1126     68.041   2.955043    665.750  0.000e+00
     67.396     3.1130     68.038   2.954933    666.000  0.000e+00
     67.393     3.1125     68.035   2.954823    666.250  0.000e+00
     67.390     3.1115     68.032   2.954915    666.500  0.000e+00
     67.387     3.1112     68.029   2.954933    666.750  0.000e+00
     67.378     3.1111     68.020   2.954915    667.000  0.000e+00
     67.378     3.1112     68.020   2.954847    667.250  0.000e+00
     67.372     3.1109     68.014   2.954737    667.500  0.000e+00
     67.363     3.1102     68.005   2.954670    667.750  0.000e+00
     67.382     3.1095     68.023   2.954688    668.000  0.000e+00
     67.376     3.1092     68.017   2.954688    668.250  0.000e+00
     67.382     3.1089     68.023   2.954866    668.500  0.000e+00
     67.379     3.1096     68.020   2.955068    668.750  0.000e+00
     67.391     3.1110     68.032   2.955135    669.000  0.000e+00
     67.409     3.1122     68.050   2.954915    669.250  0.000e+00
     67.418     3.1121     68.060   2.954713    669.500  0.000e+00
     67.421     3.1106     68.063   2.954670    669.750  0.000e+00
     67.433     3.1096     68.075   2.954688    670.000  0.000e+00
     67.436     3.1092     68.078   2.954823    670.250  0.000e+00
     67.430     3.1096     68.072   2.954823    670.500  0.000e+00
     67.451     3.1099     68.093   2.954915    670.750  0.000e+00
     67.451     3.1105     68.093   2.954866    671.000  0.000e+00
     67.466     3.1108     68.108   2.954933    671.250  0.000e+00
     67.460     3.1109     68.102   2.954823    671.500  0.000e+00
     67.460     3.1108     68.102   2.954890    671.750  0.000e+00
     67.460     3.1107     68.102   2.954933    672.000  0.000e+00
     67.460     3.1110     68.102   2.954958    672.250  0.000e+00
     67.436     3.1112     68.078   2.955111    672.500  0.000e+00
     67.436     3.1120     68.078   2.955160    672.750  0.000e+00
     67.427     3.1127     68.069   2.955000    673.000  0.000e+00
     67.424     3.1126     68.066   2.954958    673.250  0.000e+00
     67.433     3.1122     68.075   2.954933    673.500  0.000e+00
     67.418     3.1117     68.060   2.954915    673.750  0.000e+00
     67.424     3.1115     68.066   2.954933    674.000  0.000e+00
     67.427     3.1113     68.069   2.954933    674.250  0.000e+00
     67.442     3.1112     68.084   2.954933    674.500  0.000e+00
     67.430     3.1113     68.072   2.954958    674.750  0.000e+00
     67.445     3.1112     68.087   2.954958    675.000  0.000e+00
     67.442     3.1114     68.084   2.954933    675.250  0.000e+00
     67.457     3.1116     68.099   2.954958    675.500  0.000e+00
     67.433     3.1116     68.075   2.954958    675.750  0.000e+00
     67.442     3.1117     68.084   2.954982    676.000  0.000e+00
     67.445     3.1117     68.087   2.955068    676.250  0.000e+00
     67.415     3.1123     68.057   2.955068    676.500  0.000e+00
     67.406     3.1126     68.048   2.954982    676.750  0.000e+00
     67.406     3.1122     68.048   2.954958    677.000  0.000e+00
     67.412     3.1119     68.054   2.954933    677.250  0.000e+00
     67.409     3.1116     68.051   2.954915    677.500  0.000e+00
     67.400     3.1114     68.041   2.954933    677.750  0.000e+00
     67.403     3.1112     68.044   2.954982    678.000  0.000e+00
     67.400     3.1112     68.041   2.954915    678.250  0.000e+00
     67.406     3.1113     68.048   2.954933    678.500  0.000e+00
     67.400     3.1114     68.041   2.954847    678.750  0.000e+00
     67.403     3.1111     68.045   2.954804    679.000  0.000e+00
     67.409     3.1109     68.051   2.954713    679.250  0.000e+00
     67.400     3.1102     68.042   2.954933    679.500  0.000e+00
     67.400     3.1104     68.042   2.955221    679.750  0.000e+00
     67.406     3.1119     68.048   2.955025    680.000  0.000e+00
     67.406     3.1123     68.048   2.954933    680.250  0.000e+00
     67.403     3.1119     68.045   2.954982    680.500  0.000e+00
     67.400     3.1120     68.042   2.955025    680.750  0.000e+00
     67.406     3.1121     68.048   2.955025    681.000  0.000e+00
     67.400     3.1122     68.042   2.954982    681.250  0.000e+00
     67.391     3.1122     68.032   2.955025    681.500  0.000e+00
     67.388     3.1122     68.029   2.955160    681.750  0.000e+00
     67.394     3.1128     68.036   2.955135    682.000  0.000e+00
     67.403     3.1132     68.045   2.954915    682.250  0.000e+00
     67.394     3.1126     68.036   2.954915    682.500  0.000e+00
     67.403     3.1119     68.045   2.954847    682.750  0.000e+00
     67.412     3.1115     68.054   2.954847    683.000  0.000e+00
     67.409     3.1109     68.051   2.954847    683.250  0.000e+00
     67.430     3.1106     68.072   2.954805    683.500  0.000e+00
     67.424     3.1104     68.066   2.954737    683.750  0.000e+00
     67.430     3.1098     68.072   2.954670    684.000  0.000e+00
     67.442     3.1092     68.084   2.954688    684.250  0.000e+00
     67.430     3.1090     68.072   2.954756    684.500  0.000e+00
     67.433     3.1091     68.075   2.954713    684.750  0.000e+00
     67.433     3.1090     68.075   2.954560    685.000  0.000e+00
     67.415     3.1084     68.057   2.954504    685.250  0.000e+00
     67.397     3.1076     68.039   2.954511    685.500  0.000e+00
     67.400     3.1072     68.042   2.954511    685.750  0.000e+00
     67.376     3.1071     68.018   2.954602    686.000  0.000e+00
     67.379     3.1073     68.021   2.954670    686.250  0.000e+00
     67.364     3.1078     68.005   2.954602    686.500  0.000e+00
     67.370     3.1078     68.012   2.954560    686.750  0.000e+00
     67.361     3.1076     68.002   2.954535    687.000  0.000e+00
     67.361     3.1074     68.002   2.954560    687.250  0.000e+00
     67.373     3.1074     68.015   2.954560    687.500  0.000e+00
     67.379     3.1073     68.021   2.954670    687.750  0.000e+00
     67.379     3.1078     68.021   2.954866    688.000  0.000e+00
     67.394     3.1089     68.036   2.954890    688.250  0.000e+00
     67.394     3.1100     68.036   2.954805    688.500  0.000e+00
     67.397     3.1104     68.039   2.954804    688.750  0.000e+00
     67.397     3.1103     68.039   2.954713    689.000  0.000e+00
     67.403     3.1098     68.045   2.954780    689.250  0.000e+00
     67.403     3.1098     68.045   2.954890    689.500  0.000e+00
     67.406     3.1101     68.048   2.954756    689.750  0.000e+00
     67.412     3.1100     68.054   2.954805    690.000  0.000e+00
     67.394     3.1100     68.036   2.954890    690.250  0.000e+00
     67.394     3.1101     68.036   2.954847    690.500  0.000e+00
     67.388     3.1104     68.030   2.954890    690.750  0.000e+00
     67.388     3.1106     68.030   2.954847    691.000  0.000e+00
     67.394     3.1106     68.036   2.954915    691.250  0.000e+00
     67.388     3.1108     68.030   2.954958    691.500  0.000e+00
     67.388     3.1111     68.030   2.954915    691.750  0.000e+00
     67.391     3.1113     68.033   2.955000    692.000  0.000e+00
     67.397     3.1116     68.039   2.955043    692.250  0.000e+00
     67.394     3.1121     68.036   2.954958    692.500  0.000e+00
     67.397     3.1121     68.039   2.954933    692.750  0.000e+00
     67.412     3.1120     68.054   2.954890    693.000  0.000e+00
     67.397     3.1116     68.039   2.954890    693.250  0.000e+00
     67.403     3.1114     68.045   2.954866    693.500  0.000e+00
     67.403     3.1110     68.045   2.954847    693.750  0.000e+00
     67.415     3.1108     68.057   2.954915    694.000  0.000e+00
     67.412     3.1108     68.054   2.954890    694.250  0.000e+00
     67.422     3.1109     68.063   2.954823    694.500  0.000e+00
     67.419     3.1106     68.060   2.954847    694.750  0.000e+00
     67.422     3.1104     68.063   2.954805    695.000  0.000e+00
     67.416     3.1103     68.057   2.954780    695.250  0.000e+00
     67.419     3.1100     68.060   2.954823    695.500  0.000e+00
     67.419     3.1101     68.060   2.954737    695.750  0.000e+00
     67.404     3.1099     68.045   2.954670    696.000  0.000e+00
     67.398     3.1093     68.039   2.954602    696.250  0.000e+00
     67.395     3.1087     68.036   2.954645    696.500  0.000e+00
     67.410     3.1083     68.051   2.954627    696.750  0.000e+00
     67.404     3.1082     68.045   2.954627    697.000  0.000e+00
     67.401     3.1083     68.042   2.954578    697.250  0.000e+00
     67.389     3.1079     68.030   2.954560    697.500  0.000e+00
     67.389     3.1076     68.030   2.954737    697.750  0.000e+00
     67.386     3.1083     68.027   2.954780    698.000  0.000e+00
     67.386     3.1088     68.027   2.954958    698.250  0.000e+00
     67.383     3.1100     68.024   2.954982    698.500  0.000e+00
     67.374     3.1110     68.015   2.954915    698.750  0.000e+00
     67.370     3.1111     68.012   2.954780    699.000  0.000e+00
     67.370     3.1106     68.012   2.954780    699.250  0.000e+00
     67.370     3.1101     68.012   2.954713    699.500  0.000e+00
     67.364     3.1096     68.006   2.954627    699.750  0.000e+00
     67.367     3.1089     68.009   2.954578    700.000  0.000e+00
     67.374     3.1082     68.015   2.954560    700.250  0.000e+00
     67.376     3.1078     68.018   2.954535    700.500  0.000e+00
     67.374     3.1076     68.015   2.954535    700.750  0.000e+00
     67.383     3.1075     68.024   2.954602    701.000  0.000e+00
     67.377     3.1077     68.018   2.954756    701.250  0.000e+00
     67.368     3.1083     68.009   2.954670    701.500  0.000e+00
     67.371     3.1086     68.012   2.954780    701.750  0.000e+00
     67.365     3.1091     68.006   2.954890    702.000  0.000e+00
     67.349     3.1098     67.991   2.954866    702.250  0.000e+00
     67.340     3.1103     67.982   2.954602    702.500  0.000e+00
     67.350     3.1099     67.991   2.954578    702.750  0.000e+00
     67.353     3.1089     67.994   2.954688    703.000  0.000e+00
     67.353     3.1088     67.994   2.954713    703.250  0.000e+00
     67.347     3.1089     67.988   2.954713    703.500  0.000e+00
     67.344     3.1090     67.985   2.954688    703.750  0.000e+00
     67.356     3.1089     67.997   2.954670    704.000  0.000e+00
     67.356     3.1088     67.997   2.954688    704.250  0.000e+00
     67.359     3.1088     68.000   2.954713    704.500  0.000e+00
     67.368     3.1090     68.009   2.954847    704.750  0.000e+00
     67.362     3.1095     68.003   2.954866    705.000  0.000e+00
     67.353     3.1100     67.994   2.954890    705.250  0.000e+00
     67.365     3.1104     68.006   2.954933    705.500  0.000e+00
     67.362     3.1108     68.003   2.954982    705.750  0.000e+00
     67.371     3.1112     68.012   2.955000    706.000  0.000e+00
     67.368     3.1116     68.009   2.955000    706.250  0.000e+00
     67.365     3.1117     68.006   2.954982    706.500  0.000e+00
     67.368     3.1117     68.009   2.954933    706.750  0.000e+00
     67.374     3.1117     68.015   2.954982    707.000  0.000e+00
     67.380     3.1117     68.021   2.954958    707.250  0.000e+00
     67.389     3.1118     68.030   2.955092    707.500  0.000e+00
     67.398     3.1123     68.040   2.955135    707.750  0.000e+00
     67.389     3.1130     68.030   2.955000    708.000  0.000e+00
     67.401     3.1128     68.043   2.954915    708.250  0.000e+00
     67.401     3.1121     68.043   2.954915    708.500  0.000e+00
     67.410     3.1115     68.052   2.954915    708.750  0.000e+00
     67.404     3.1112     68.046   2.954866    709.000  0.000e+00
     67.398     3.1109     68.040   2.954915    709.250  0.000e+00
     67.389     3.1111     68.030   2.954915    709.500  0.000e+00
     67.404     3.1111     68.046   2.954915    709.750  0.000e+00
     67.395     3.1109     68.037   2.954890    710.000  0.000e+00
     67.401     3.1110     68.043   2.954958    710.250  0.000e+00
     67.383     3.1111     68.024   2.954982    710.500  0.000e+00
     67.383     3.1115     68.024   2.955000    710.750  0.000e+00
     67.395     3.1117     68.037   2.955092    711.000  0.000e+00
     67.377     3.1121     68.018   2.955043    711.250  0.000e+00
     67.389     3.1126     68.031   2.955043    711.500  0.000e+00
     67.374     3.1127     68.015   2.955025    711.750  0.000e+00
     67.383     3.1127     68.025   2.955000    712.000  0.000e+00
     67.389     3.1125     68.031   2.955000    712.250  0.000e+00
     67.383     3.1122     68.025   2.954982    712.500  0.000e+00
     67.389     3.1121     68.031   2.954958    712.750  0.000e+00
     67.395     3.1119     68.037   2.954982    713.000  0.000e+00
     67.395     3.1118     68.037   2.954933    713.250  0.000e+00
     67.386     3.1116     68.028   2.955025    713.500  0.000e+00
     67.386     3.1118     68.028   2.955068    713.750  0.000e+00
     67.386     3.1122     68.028   2.955092    714.000  0.000e+00
     67.398     3.1124     68.040   2.955043    714.250  0.000e+00
     67.389     3.1125     68.031   2.955025    714.500  0.000e+00
     67.389     3.1125     68.031   2.955068    714.750  0.000e+00
     67.368     3.1127     68.009   2.955092    715.000  0.000e+00
     67.362     3.1128     68.003   2.955184    715.250  0.000e+00
     67.371     3.1133     68.013   2.955111    715.500  0.000e+00
     67.362     3.1133     68.003   2.955092    715.750  0.000e+00
     67.356     3.1132     67.997   2.955068    716.000  0.000e+00
