docs/reference/2021_06_13_0003_raw.cnv
* Sea-Bird SBE19plus  Data File:
* FileName = C:\CTD\202101_162_L1\2021_06_13\2021_06_13_0003.hex
* Software version 2.8.0.119
* Temperature SN = 8102
* Conductivity SN = 8102
* System UpLoad Time = Jun 13 2021 15:50:38
* <ApplicationData>
* <Seaterm232>
# nquan = 6
# nvalues = 10409                                 
# units = specified
# name 0 = timeS: Time, Elapsed [seconds]
# name 1 = depSM: Depth [salt water, m], lat = 57.00
# name 2 = tv290C: Temperature [ITS-90, deg C]
# name 3 = prdM: Pressure, Strain Gauge [db]
# name 4 = c0S/m: Conductivity [S/m]
# name 5 = flag:  0.000e+00
# span 0 =      0.000,   2602.000                 
# span 1 =     -0.252,     42.466                 
# span 2 =     3.7522,     5.5933                 
# span 3 =     -0.254,     42.864                 
# span 4 =   0.000130,   3.046439                 
# span 5 = 0.0000e+00, 0.0000e+00                 
# interval = seconds: 0.25
# start_time = Jun 13 2021 12:13:29 [Instrument's time stamp, header]
# bad_flag = -9.990e-29
*END*
[from data line 1672]
    418.000     41.433     3.7851     41.822   2.987125  0.000e+00
    418.250     41.433     3.7851     41.822   2.987125  0.000e+00
    418.500     41.436     3.7851     41.825   2.987125  0.000e+00
    418.750     41.427     3.7852     41.816   2.987125  0.000e+00
    419.000     41.431     3.7851     41.819   2.987125  0.000e+00
    419.250     41.427     3.7851     41.816   2.987125  0.000e+00
    419.500     41.424     3.7851     41.813   2.987150  0.000e+00
    419.750     41.412     3.7851     41.800   2.987100  0.000e+00
    420.000     41.403     3.7852     41.791   2.987100  0.000e+00
    420.250     41.394     3.7852     41.782   2.987125  0.000e+00
    420.500     41.376     3.7851     41.764   2.987125  0.000e+00
    420.750     41.355     3.7852     41.742   2.987150  0.000e+00
    421.000     41.355     3.7852     41.742   2.987125  0.000e+00
    421.250     41.340     3.7853     41.727   2.987125  0.000e+00
    421.500     41.325     3.7853     41.712   2.987125  0.000e+00
    421.750     41.316     3.7853     41.703   2.987125  0.000e+00
    422.000     41.304     3.7853     41.691   2.987125  0.000e+00
    422.250     41.319     3.7852     41.706   2.987150  0.000e+00
    422.500     41.310     3.7853     41.697   2.987100  0.000e+00
    422.750     41.319     3.7852     41.706   2.987125  0.000e+00
    423.000     41.319     3.7853     41.706   2.987150  0.000e+00
    423.250     41.325     3.7852     41.712   2.987150  0.000e+00
    423.500     41.316     3.7853     41.703   2.987125  0.000e+00
    423.750     41.328     3.7853     41.715   2.987168  0.000e+00
    424.000     41.322     3.7853     41.709   2.987150  0.000e+00
    424.250     41.325     3.7852     41.712   2.987150  0.000e+00
    424.500     41.343     3.7853     41.731   2.987125  0.000e+00
    424.750     41.334     3.7852     41.721   2.987125  0.000e+00
    425.000     41.313     3.7852     41.700   2.987125  0.000e+00
    425.250     41.325     3.7853     41.712   2.987150  0.000e+00
    425.500     41.289     3.7853     41.676   2.987125  0.000e+00
    425.750     41.280     3.7852     41.667   2.987150  0.000e+00
    426.000     41.274     3.7852     41.661   2.987100  0.000e+00
    426.250     41.262     3.7852     41.648   2.987125  0.000e+00
    426.500     41.253     3.7853     41.639   2.987150  0.000e+00
    426.750     41.243     3.7852     41.630   2.987013  0.000e+00
    427.000     41.237     3.7852     41.624   2.987150  0.000e+00
    427.250     41.240     3.7853     41.627   2.987150  0.000e+00
    427.500     41.246     3.7851     41.633   2.987125  0.000e+00
    427.750     41.246     3.7853     41.633   2.987150  0.000e+00
    428.000     41.259     3.7853     41.645   2.987125  0.000e+00
    428.250     41.265     3.7853     41.651   2.987150  0.000e+00
    428.500     41.259     3.7853     41.645   2.987125  0.000e+00
    428.750     41.262     3.7852     41.648   2.987125  0.000e+00
    429.000     41.262     3.7851     41.648   2.987125  0.000e+00
    429.250     41.256     3.7852     41.642   2.987150  0.000e+00
    429.500     41.259     3.7852     41.645   2.987150  0.000e+00
    429.750     41.261     3.7852     41.648   2.987150  0.000e+00
    430.000     41.261     3.7854     41.648   2.987150  0.000e+00
    430.250     41.249     3.7854     41.636   2.987150  0.000e+00
    430.500     41.255     3.7853     41.642   2.987150  0.000e+00
    430.750     41.256     3.7855     41.642   2.987168  0.000e+00
    431.000     41.256     3.7854     41.642   2.987150  0.000e+00
    431.250     41.247     3.7853     41.633   2.987150  0.000e+00
    431.500     41.241     3.7853     41.627   2.987125  0.000e+00
    431.750     41.244     3.7853     41.630   2.987150  0.000e+00
    432.000     41.216     3.7853     41.603   2.987150  0.000e+00
    432.250     41.210     3.7853     41.596   2.987150  0.000e+00
    432.500     41.204     3.7853     41.590   2.987168  0.000e+00
    432.750     41.201     3.7853     41.587   2.987193  0.000e+00
    433.000     41.192     3.7853     41.578   2.987168  0.000e+00
    433.250     41.186     3.7854     41.572   2.987168  0.000e+00
    433.500     41.183     3.7855     41.569   2.987150  0.000e+00
    433.750     41.171     3.7854     41.557   2.987168  0.000e+00
    434.000     41.177     3.7854     41.563   2.987081  0.000e+00
    434.250     41.180     3.7854     41.566   2.987168  0.000e+00
    434.500     41.183     3.7854     41.569   2.987168  0.000e+00
    434.750     41.189     3.7854     41.575   2.987125  0.000e+00
    435.000     41.189     3.7854     41.575   2.987125  0.000e+00
    435.250     41.192     3.7854     41.578   2.987168  0.000e+00
    435.500     41.195     3.7853     41.581   2.987125  0.000e+00
    435.750     41.180     3.7854     41.566   2.987150  0.000e+00
    436.000     41.174     3.7854     41.560   2.987150  0.000e+00
    436.250     41.165     3.7854     41.551   2.987125  0.000e+00
    436.500     41.162     3.7854     41.548   2.987168  0.000e+00
    436.750     41.144     3.7854     41.530   2.987193  0.000e+00
    437.000     41.141     3.7854     41.526   2.987168  0.000e+00
    437.250     41.138     3.7854     41.523   2.987193  0.000e+00
    437.500     41.132     3.7855     41.517   2.987168  0.000e+00
    437.750     41.123     3.7854     41.508   2.987149  0.000e+00
    438.000     41.132     3.7854     41.518   2.987168  0.000e+00
    438.250     41.120     3.7855     41.505   2.987149  0.000e+00
    438.500     41.114     3.7854     41.499   2.987149  0.000e+00
    438.750     41.117     3.7854     41.502   2.987125  0.000e+00
    439.000     41.120     3.7854     41.505   2.987149  0.000e+00
    439.250     41.111     3.7855     41.496   2.987168  0.000e+00
    439.500     41.108     3.7854     41.493   2.987149  0.000e+00
    439.750     41.105     3.7855     41.490   2.987168  0.000e+00
    440.000     41.114     3.7855     41.499   2.987149  0.000e+00
    440.250     41.120     3.7854     41.505   2.987193  0.000e+00
    440.500     41.117     3.7855     41.502   2.987193  0.000e+00
    440.750     41.123     3.7857     41.508   2.987193  0.000e+00
    441.000     41.150     3.7855     41.536   2.987218  0.000e+00
    441.250     41.141     3.7855     41.527   2.987193  0.000e+00
    441.500     41.153     3.7855     41.539   2.987193  0.000e+00
    441.750     41.150     3.7857     41.536   2.987168  0.000e+00
    442.000     41.156     3.7856     41.542   2.987193  0.000e+00
    442.250     41.144     3.7857     41.530   2.987168  0.000e+00
    442.500     41.138     3.7855     41.524   2.987168  0.000e+00
    442.750     41.129     3.7857     41.514   2.987149  0.000e+00
    443.000     41.105     3.7855     41.490   2.987193  0.000e+00
    443.250     41.111     3.7856     41.496   2.987193  0.000e+00
    443.500     41.087     3.7856     41.472   2.987168  0.000e+00
    443.750     41.090     3.7855     41.475   2.987168  0.000e+00
    444.000     41.072     3.7856     41.456   2.987193  0.000e+00
    444.250     41.065     3.7856     41.450   2.987168  0.000e+00
    444.500     41.053     3.7855     41.438   2.987168  0.000e+00
    444.750     41.053     3.7855     41.438   2.987168  0.000e+00
    445.000     41.059     3.7855     41.444   2.987149  0.000e+00
    445.250     41.074     3.7855     41.459   2.987149  0.000e+00
    445.500     41.084     3.7855     41.469   2.987149  0.000e+00
    445.750     41.090     3.7854     41.475   2.987168  0.000e+00
    446.000     41.090     3.7854     41.475   2.987168  0.000e+00
    446.250     41.117     3.7853     41.502   2.987168  0.000e+00
    446.500     41.120     3.7854     41.505   2.987193  0.000e+00
    446.750     41.120     3.7856     41.505   2.987193  0.000e+00
    447.000     41.123     3.7854     41.508   2.987218  0.000e+00
    447.250     41.126     3.7855     41.511   2.987193  0.000e+00
    447.500     41.144     3.7855     41.530   2.987168  0.000e+00
    447.750     41.138     3.7856     41.523   2.987193  0.000e+00
    448.000     41.129     3.7856     41.514   2.987193  0.000e+00
    448.250     41.138     3.7857     41.523   2.987236  0.000e+00
    448.500     41.126     3.7857     41.511   2.987218  0.000e+00
    448.750     41.126     3.7858     41.511   2.987218  0.000e+00
    449.000     41.108     3.7858     41.493   2.987236  0.000e+00
    449.250     41.120     3.7857     41.505   2.987218  0.000e+00
    449.500     41.117     3.7857     41.502   2.987236  0.000e+00
    449.750     41.123     3.7858     41.508   2.987218  0.000e+00
    450.000     41.123     3.7859     41.508   2.987218  0.000e+00
    450.250     41.114     3.7858     41.499   2.987193  0.000e+00
    450.500     41.099     3.7858     41.484   2.987168  0.000e+00
    450.750     41.093     3.7858     41.478   2.987218  0.000e+00
    451.000     41.081     3.7858     41.466   2.987218  0.000e+00
    451.250     41.072     3.7858     41.456   2.987193  0.000e+00
    451.500     41.072     3.7858     41.456   2.987218  0.000e+00
    451.750     41.075     3.7858     41.460   2.987218  0.000e+00
    452.000     41.069     3.7858     41.453   2.987218  0.000e+00
    452.250     41.072     3.7858     41.457   2.987218  0.000e+00
    452.500     41.078     3.7858     41.463   2.987236  0.000e+00
    452.750     41.072     3.7859     41.457   2.987236  0.000e+00
    453.000     41.063     3.7859     41.448   2.987218  0.000e+00
    453.250     41.066     3.7858     41.451   2.987193  0.000e+00
    453.500     41.084     3.7859     41.469   2.987236  0.000e+00
    453.750     41.060     3.7859     41.444   2.987218  0.000e+00
    454.000     41.069     3.7859     41.454   2.987236  0.000e+00
    454.250     41.075     3.7859     41.460   2.987236  0.000e+00
    454.500     41.081     3.7859     41.466   2.987236  0.000e+00
    454.750     41.093     3.7858     41.478   2.987218  0.000e+00
    455.000     41.096     3.7860     41.481   2.987236  0.000e+00
    455.250     41.111     3.7859     41.496   2.987218  0.000e+00
    455.500     41.096     3.7858     41.481   2.987261  0.000e+00
    455.750     41.099     3.7859     41.484   2.987236  0.000e+00
    456.000     41.111     3.7860     41.497   2.987193  0.000e+00
    456.250     41.108     3.7860     41.494   2.987236  0.000e+00
    456.500     41.093     3.7860     41.478   2.987261  0.000e+00
    456.750     41.093     3.7859     41.478   2.987261  0.000e+00
    457.000     41.093     3.7860     41.478   2.987236  0.000e+00
    457.250     41.066     3.7861     41.451   2.987261  0.000e+00
    457.500     41.063     3.7859     41.448   2.987261  0.000e+00
    457.750     41.045     3.7860     41.430   2.987236  0.000e+00
    458.000     41.036     3.7859     41.421   2.987236  0.000e+00
    458.250     41.030     3.7860     41.414   2.987236  0.000e+00
    458.500     41.009     3.7860     41.393   2.987261  0.000e+00
    458.750     41.015     3.7860     41.399   2.987236  0.000e+00
    459.000     41.006     3.7860     41.390   2.987236  0.000e+00
    459.250     41.018     3.7860     41.402   2.987236  0.000e+00
    459.500     41.009     3.7860     41.393   2.987236  0.000e+00
    459.750     41.027     3.7860     41.411   2.987261  0.000e+00
    460.000     41.027     3.7860     41.411   2.987236  0.000e+00
    460.250     41.027     3.7860     41.411   2.987261  0.000e+00
    460.500     41.024     3.7861     41.408   2.987261  0.000e+00
    460.750     41.027     3.7861     41.411   2.987279  0.000e+00
    461.000     41.033     3.7862     41.417   2.987261  0.000e+00
    461.250     41.033     3.7861     41.417   2.987218  0.000e+00
    461.500     41.021     3.7862     41.405   2.987279  0.000e+00
    461.750     41.036     3.7863     41.420   2.987279  0.000e+00
    462.000     41.045     3.7863     41.429   2.987279  0.000e+00
    462.250     41.060     3.7862     41.445   2.987279  0.000e+00
    462.500     41.057     3.7863     41.442   2.987304  0.000e+00
    462.750     41.069     3.7862     41.454   2.987304  0.000e+00
    463.000     41.078     3.7863     41.463   2.987304  0.000e+00
    463.250     41.081     3.7864     41.466   2.987329  0.000e+00
    463.500     41.093     3.7864     41.478   2.987304  0.000e+00
    463.750     41.096     3.7862     41.481   2.987261  0.000e+00
    464.000     41.099     3.7864     41.484   2.987279  0.000e+00
    464.250     41.102     3.7863     41.488   2.987279  0.000e+00
    464.500     41.090     3.7863     41.475   2.987279  0.000e+00
    464.750     41.102     3.7863     41.488   2.987279  0.000e+00
    465.000     41.099     3.7863     41.485   2.987304  0.000e+00
    465.250     41.084     3.7862     41.469   2.987279  0.000e+00
    465.500     41.081     3.7862     41.466   2.987279  0.000e+00
    465.750     41.054     3.7863     41.439   2.987304  0.000e+00
    466.000     41.066     3.7863     41.451   2.987261  0.000e+00
    466.250     41.042     3.7863     41.427   2.987261  0.000e+00
    466.500     41.033     3.7863     41.418   2.987304  0.000e+00
    466.750     41.027     3.7863     41.411   2.987304  0.000e+00
    467.000     41.018     3.7863     41.402   2.987304  0.000e+00
    467.250     41.012     3.7864     41.396   2.987304  0.000e+00
    467.500     41.021     3.7864     41.405   2.987279  0.000e+00
    467.750     41.018     3.7864     41.402   2.987279  0.000e+00
    468.000     41.015     3.7863     41.399   2.987329  0.000e+00
    468.250     41.009     3.7864     41.393   2.987261  0.000e+00
    468.500     41.027     3.7864     41.412   2.987261  0.000e+00
    468.750     41.036     3.7863     41.421   2.987304  0.000e+00
    469.000     41.039     3.7864     41.424   2.987304  0.000e+00
    469.250     41.039     3.7863     41.424   2.987304  0.000e+00
    469.500     41.033     3.7863     41.418   2.987304  0.000e+00
    469.750     41.042     3.7864     41.427   2.987304  0.000e+00
    470.000     41.033     3.7863     41.418   2.987304  0.000e+00
    470.250     41.033     3.7862     41.418   2.987279  0.000e+00
    470.500     41.045     3.7864     41.430   2.987279  0.000e+00
    470.750     41.048     3.7863     41.433   2.987304  0.000e+00
    471.000     41.033     3.7863     41.418   2.987329  0.000e+00
    471.250     41.024     3.7863     41.409   2.987304  0.000e+00
    471.500     41.021     3.7863     41.406   2.987279  0.000e+00
    471.750     41.018     3.7864     41.403   2.987304  0.000e+00
    472.000     41.012     3.7863     41.396   2.987304  0.000e+00
    472.250     41.000     3.7863     41.384   2.987304  0.000e+00
    472.500     41.000     3.7864     41.384   2.987304  0.000e+00
    472.750     40.988     3.7864     41.372   2.987304  0.000e+00
    473.000     40.979     3.7864     41.363   2.987304  0.000e+00
    473.250     40.988     3.7863     41.372   2.987304  0.000e+00
    473.500     40.988     3.7864     41.372   2.987304  0.000e+00
    473.750     40.991     3.7864     41.375   2.987279  0.000e+00
    474.000     41.003     3.7865     41.387   2.987261  0.000e+00
    474.250     41.003     3.7864     41.387   2.987279  0.000e+00
    474.500     41.015     3.7864     41.400   2.987304  0.000e+00
    474.750     41.039     3.7865     41.424   2.987279  0.000e+00
    475.000     41.043     3.7864     41.427   2.987279  0.000e+00
    475.250     41.043     3.7864     41.427   2.987279  0.000e+00
    475.500     41.055     3.7863     41.439   2.987279  0.000e+00
    475.750     41.052     3.7864     41.436   2.987304  0.000e+00
    476.000     41.061     3.7864     41.446   2.987304  0.000e+00
    476.250     41.049     3.7864     41.433   2.987329  0.000e+00
    476.500     41.043     3.7863     41.427   2.987304  0.000e+00
    476.750     41.046     3.7864     41.430   2.987304  0.000e+00
    477.000     41.049     3.7864     41.434   2.987279  0.000e+00
    477.250     41.043     3.7864     41.427   2.987279  0.000e+00
