docs/reference/2021_06_13_0003.cnv
* Sea-Bird SBE19plus  Data File:
* FileName = C:\CTD\202101_162_L1\2021_06_13\2021_06_13_0003.hex
* Software version 2.8.0.119
* Temperature SN = 8102
* Conductivity SN = 8102
* System UpLoad Time = Jun 13 2021 15:50:38
* <ApplicationData>
* <Seaterm232>
# nquan = 5
# nvalues = 10408
# units = specified
# name 1 = timeS: Time, Elapsed [seconds]
# name 2 = tv290C: Temperature [ITS-90, deg C]
# name 3 = prdM: Pressure, Strain Gauge [db]
# name 4 = c0S/m: Conductivity [S/m]
# name 5 = flag:  0.000e+00
# span 1 =          0,    2601.75
# span 2 =     3.7522,     5.5933
# span 3 =     -0.254,     42.864
# span 4 =    0.00013,   3.046439
# span 5 =          0,          0
# interval = seconds: 0.25
# start_time = Jun 13 2021 12:13:29 [Instrument's time stamp, header]
# bad_flag = -9.990e-29
*END*
[from data line 4286]
   1071.500     3.7885     41.702   2.988443        0.0
   1071.750     3.7885     41.721   2.988424        0.0
   1072.000     3.7884     41.699   2.988424        0.0
   1072.250     3.7885     41.702   2.988424        0.0
   1072.500     3.7885     41.706   2.988424        0.0
   1072.750     3.7886     41.708   2.988443        0.0
   1073.000     3.7885     41.712   2.988424        0.0
   1073.250     3.7885     41.718   2.988424        0.0
   1073.500     3.7885     41.721   2.988424        0.0
   1073.750     3.7884     41.699   2.988424        0.0
   1074.000     3.7886     41.712   2.988399        0.0
   1074.250     3.7884     41.709   2.988424        0.0
   1074.500     3.7884     41.693   2.988399        0.0
   1074.750     3.7884     41.684   2.988424        0.0
   1075.000     3.7884     41.681   2.988424        0.0
   1075.250     3.7884     41.675   2.988424        0.0
   1075.500     3.7884     41.666   2.988443        0.0
   1075.750     3.7884     41.694   2.988424        0.0
   1076.000     3.7884     41.697   2.988424        0.0
   1076.250     3.7885     41.715   2.988443        0.0
   1076.500     3.7885     41.745   2.988424        0.0
   1076.750     3.7886     41.739   2.988424        0.0
   1077.000     3.7885     41.760   2.988399        0.0
   1077.250     3.7885     41.763   2.988443        0.0
   1077.500     3.7884     41.764   2.988443        0.0
   1077.750     3.7884     41.758   2.988443        0.0
   1078.000     3.7886     41.739   2.988424        0.0
   1078.250     3.7885     41.721   2.988424        0.0
   1078.500     3.7885     41.712   2.988399        0.0
   1078.750     3.7884     41.696   2.988424        0.0
   1079.000     3.7883     41.687   2.988424        0.0
   1079.250     3.7885     41.672   2.988424        0.0
   1079.500     3.7885     41.672   2.988424        0.0
   1079.750     3.7885     41.660   2.988399        0.0
   1080.000     3.7886     41.687   2.988399        0.0
   1080.250     3.7885     41.684   2.988443        0.0
   1080.500     3.7885     41.693   2.988375        0.0
   1080.750     3.7885     41.715   2.988443        0.0
   1081.000     3.7885     41.730   2.988424        0.0
   1081.250     3.7884     41.721   2.988424        0.0
   1081.500     3.7885     41.733   2.988424        0.0
   1081.750     3.7885     41.742   2.988375        0.0
   1082.000     3.7884     41.733   2.987013        0.0
   1082.250     3.7885     41.742   2.988424        0.0
   1082.500     3.7884     41.742   2.988443        0.0
   1082.750     3.7884     41.749   2.988399        0.0
   1083.000     3.7884     41.740   2.988356        0.0
   1083.250     3.7884     41.743   2.988399        0.0
   1083.500     3.7884     41.733   2.988424        0.0
   1083.750     3.7884     41.752   2.988424        0.0
   1084.000     3.7884     41.746   2.988399        0.0
   1084.250     3.7883     41.758   2.988424        0.0
   1084.500     3.7884     41.752   2.988288        0.0
   1084.750     3.7883     41.752   2.988424        0.0
   1085.000     3.7883     41.743   2.988424        0.0
   1085.250     3.7883     41.746   2.988424        0.0
   1085.500     3.7884     41.733   2.988424        0.0
   1085.750     3.7882     41.736   2.988399        0.0
   1086.000     3.7883     41.724   2.988424        0.0
   1086.250     3.7883     41.721   2.988399        0.0
   1086.500     3.7882     41.700   2.988424        0.0
   1086.750     3.7881     41.718   2.988424        0.0
   1087.000     3.7882     41.709   2.988399        0.0
   1087.250     3.7883     41.700   2.988424        0.0
   1087.500     3.7882     41.712   2.988424        0.0
   1087.750     3.7883     41.697   2.988424        0.0
   1088.000     3.7882     41.709   2.988424        0.0
   1088.250     3.7883     41.706   2.988424        0.0
   1088.500     3.7882     41.700   2.988424        0.0
   1088.750     3.7883     41.693   2.988424        0.0
   1089.000     3.7883     41.696   2.988399        0.0
   1089.250     3.7883     41.694   2.988424        0.0
   1089.500     3.7884     41.678   2.988443        0.0
   1089.750     3.7883     41.693   2.988356        0.0
   1090.000     3.7884     41.684   2.988424        0.0
   1090.250     3.7883     41.694   2.988424        0.0
   1090.500     3.7883     41.712   2.988424        0.0
   1090.750     3.7884     41.721   2.988424        0.0
   1091.000     3.7883     41.736   2.988424        0.0
   1091.250     3.7883     41.764   2.988399        0.0
   1091.500     3.7883     41.764   2.988424        0.0
   1091.750     3.7884     41.776   2.988399        0.0
   1092.000     3.7884     41.788   2.988424        0.0
   1092.250     3.7883     41.791   2.988424        0.0
   1092.500     3.7882     41.788   2.988424        0.0
   1092.750     3.7883     41.782   2.988424        0.0
   1093.000     3.7883     41.764   2.988424        0.0
   1093.250     3.7883     41.752   2.988424        0.0
   1093.500     3.7883     41.746   2.988399        0.0
   1093.750     3.7882     41.718   2.988424        0.0
   1094.000     3.7882     41.709   2.988424        0.0
   1094.250     3.7883     41.688   2.988399        0.0
   1094.500     3.7883     41.663   2.988399        0.0
   1094.750     3.7883     41.654   2.988443        0.0
   1095.000     3.7883     41.654   2.988399        0.0
   1095.250     3.7882     41.657   2.988399        0.0
   1095.500     3.7883     41.675   2.988424        0.0
   1095.750     3.7883     41.691   2.988399        0.0
   1096.000     3.7882     41.688   2.988424        0.0
   1096.250     3.7883     41.691   2.988424        0.0
   1096.500     3.7882     41.718   2.988424        0.0
   1096.750     3.7882     41.712   2.988424        0.0
   1097.000     3.7882     41.715   2.988424        0.0
   1097.250     3.7882     41.715   2.988424        0.0
   1097.500     3.7883     41.712   2.988424        0.0
   1097.750     3.7881     41.718   2.988424        0.0
   1098.000     3.7882     41.715   2.988424        0.0
   1098.250     3.7881     41.724   2.988424        0.0
   1098.500     3.7882     41.721   2.988424        0.0
   1098.750     3.7880     41.724   2.988424        0.0
   1099.000     3.7882     41.721   2.988424        0.0
   1099.250     3.7881     41.718   2.988424        0.0
   1099.500     3.7881     41.727   2.988356        0.0
   1099.750     3.7882     41.721   2.988424        0.0
   1100.000     3.7882     41.743   2.988424        0.0
   1100.250     3.7882     41.746   2.988443        0.0
   1100.500     3.7881     41.733   2.988399        0.0
   1100.750     3.7883     41.736   2.988424        0.0
   1101.000     3.7882     41.742   2.988424        0.0
   1101.250     3.7882     41.730   2.988424        0.0
   1101.500     3.7882     41.724   2.988399        0.0
   1101.750     3.7882     41.718   2.988424        0.0
   1102.000     3.7883     41.709   2.988443        0.0
   1102.250     3.7882     41.709   2.988424        0.0
   1102.500     3.7882     41.700   2.988424        0.0
   1102.750     3.7882     41.703   2.988424        0.0
   1103.000     3.7882     41.697   2.988399        0.0
   1103.250     3.7882     41.703   2.988399        0.0
   1103.500     3.7881     41.709   2.988424        0.0
   1103.750     3.7882     41.709   2.988399        0.0
   1104.000     3.7881     41.718   2.988424        0.0
   1104.250     3.7882     41.721   2.988399        0.0
   1104.500     3.7882     41.730   2.988424        0.0
   1104.750     3.7883     41.749   2.988424        0.0
   1105.000     3.7882     41.749   2.988424        0.0
   1105.250     3.7881     41.767   2.988424        0.0
   1105.500     3.7882     41.770   2.988443        0.0
   1105.750     3.7883     41.758   2.988424        0.0
   1106.000     3.7883     41.761   2.988424        0.0
   1106.250     3.7882     41.764   2.988424        0.0
   1106.500     3.7882     41.746   2.988424        0.0
   1106.750     3.7881     41.734   2.988424        0.0
   1107.000     3.7881     41.725   2.988424        0.0
   1107.250     3.7881     41.712   2.988399        0.0
   1107.500     3.7882     41.712   2.988424        0.0
   1107.750     3.7881     41.703   2.988399        0.0
   1108.000     3.7882     41.709   2.988424        0.0
   1108.250     3.7881     41.700   2.988399        0.0
   1108.500     3.7881     41.709   2.988443        0.0
   1108.750     3.7881     41.694   2.988375        0.0
   1109.000     3.7882     41.688   2.988375        0.0
   1109.250     3.7881     41.691   2.988424        0.0
   1109.500     3.7879     41.694   2.988424        0.0
   1109.750     3.7881     41.700   2.988424        0.0
   1110.000     3.7882     41.694   2.988399        0.0
   1110.250     3.7881     41.688   2.988424        0.0
   1110.500     3.7881     41.700   2.988399        0.0
   1110.750     3.7879     41.694   2.988399        0.0
   1111.000     3.7880     41.700   2.988399        0.0
   1111.250     3.7881     41.706   2.988443        0.0
   1111.500     3.7881     41.700   2.988399        0.0
   1111.750     3.7881     41.703   2.988399        0.0
   1112.000     3.7882     41.706   2.988424        0.0
   1112.250     3.7881     41.712   2.988356        0.0
   1112.500     3.7881     41.709   2.988424        0.0
   1112.750     3.7881     41.700   2.988424        0.0
   1113.000     3.7882     41.679   2.988443        0.0
   1113.250     3.7881     41.700   2.988443        0.0
   1113.500     3.7880     41.694   2.988443        0.0
   1113.750     3.7881     41.688   2.988424        0.0
   1114.000     3.7880     41.697   2.988424        0.0
   1114.250     3.7881     41.712   2.988399        0.0
   1114.500     3.7881     41.724   2.988424        0.0
   1114.750     3.7881     41.743   2.988424        0.0
   1115.000     3.7882     41.761   2.988443        0.0
   1115.250     3.7881     41.773   2.988424        0.0
   1115.500     3.7881     41.786   2.988424        0.0
   1115.750     3.7881     41.789   2.988424        0.0
   1116.000     3.7881     41.789   2.988443        0.0
   1116.250     3.7882     41.786   2.988424        0.0
   1116.500     3.7881     41.789   2.988424        0.0
   1116.750     3.7881     41.776   2.988424        0.0
   1117.000     3.7882     41.773   2.988424        0.0
   1117.250     3.7881     41.749   2.988424        0.0
   1117.500     3.7881     41.743   2.988424        0.0
   1117.750     3.7881     41.715   2.988424        0.0
   1118.000     3.7881     41.694   2.988399        0.0
   1118.250     3.7881     41.688   2.988399        0.0
   1118.500     3.7881     41.679   2.988424        0.0
   1118.750     3.7881     41.664   2.988424        0.0
   1119.000     3.7880     41.667   2.988424        0.0
   1119.250     3.7881     41.667   2.988424        0.0
   1119.500     3.7881     41.658   2.988424        0.0
   1119.750     3.7881     41.651   2.988424        0.0
   1120.000     3.7881     41.679   2.988424        0.0
   1120.250     3.7881     41.685   2.988424        0.0
   1120.500     3.7881     41.694   2.988424        0.0
   1120.750     3.7881     41.719   2.988424        0.0
   1121.000     3.7881     41.709   2.988443        0.0
   1121.250     3.7882     41.716   2.988424        0.0
   1121.500     3.7881     41.715   2.988424        0.0
   1121.750     3.7881     41.719   2.988424        0.0
   1122.000     3.7881     41.718   2.988399        0.0
   1122.250     3.7880     41.718   2.988424        0.0
   1122.500     3.7881     41.715   2.988375        0.0
   1122.750     3.7881     41.715   2.988443        0.0
   1123.000     3.7881     41.724   2.988424        0.0
   1123.250     3.7880     41.718   2.988443        0.0
   1123.500     3.7881     41.718   2.988443        0.0
   1123.750     3.7880     41.721   2.988424        0.0
   1124.000     3.7881     41.740   2.988443        0.0
   1124.250     3.7881     41.737   2.988424        0.0
   1124.500     3.7881     41.743   2.988424        0.0
   1124.750     3.7881     41.740   2.988443        0.0
   1125.000     3.7881     41.737   2.988443        0.0
   1125.250     3.7881     41.728   2.988424        0.0
   1125.500     3.7881     41.718   2.988399        0.0
   1125.750     3.7881     41.715   2.988424        0.0
   1126.000     3.7881     41.706   2.988424        0.0
   1126.250     3.7881     41.685   2.988399        0.0
   1126.500     3.7879     41.685   2.988443        0.0
   1126.750     3.7881     41.664   2.988424        0.0
   1127.000     3.7881     41.658   2.988424        0.0
   1127.250     3.7881     41.652   2.988424        0.0
   1127.500     3.7881     41.664   2.988424        0.0
   1127.750     3.7881     41.652   2.988424        0.0
   1128.000     3.7880     41.651   2.988424        0.0
   1128.250     3.7881     41.661   2.988424        0.0
   1128.500     3.7881     41.667   2.988443        0.0
   1128.750     3.7880     41.682   2.988424        0.0
   1129.000     3.7881     41.694   2.988443        0.0
   1129.250     3.7882     41.706   2.988467        0.0
   1129.500     3.7882     41.737   2.988424        0.0
   1129.750     3.7883     41.740   2.988467        0.0
   1130.000     3.7882     41.743   2.988443        0.0
   1130.250     3.7882     41.755   2.988424        0.0
   1130.500     3.7882     41.767   2.988443        0.0
   1130.750     3.7882     41.764   2.988443        0.0
   1131.000     3.7881     41.755   2.988424        0.0
   1131.250     3.7881     41.770   2.988424        0.0
   1131.500     3.7881     41.752   2.988443        0.0
   1131.750     3.7880     41.761   2.988443        0.0
   1132.000     3.7881     41.749   2.988424        0.0
   1132.250     3.7881     41.746   2.988443        0.0
   1132.500     3.7882     41.734   2.988443        0.0
   1132.750     3.7881     41.721   2.988424        0.0
   1133.000     3.7881     41.700   2.988424        0.0
   1133.250     3.7880     41.694   2.988443        0.0
   1133.500     3.7879     41.670   2.988424        0.0
   1133.750     3.7881     41.672   2.988399        0.0
   1134.000     3.7879     41.666   2.988424        0.0
   1134.250     3.7879     41.664   2.988424        0.0
   1134.500     3.7879     41.654   2.988424        0.0
   1134.750     3.7879     41.651   2.988424        0.0
   1135.000     3.7880     41.654   2.988399        0.0
   1135.250     3.7880     41.648   2.988424        0.0
   1135.500     3.7879     41.651   2.988443        0.0
   1135.750     3.7880     41.651   2.988424        0.0
   1136.000     3.7879     41.648   2.988443        0.0
   1136.250     3.7880     41.654   2.988399        0.0
   1136.500     3.7880     41.664   2.988443        0.0
   1136.750     3.7880     41.652   2.988424        0.0
   1137.000     3.7879     41.661   2.988443        0.0
   1137.250     3.7880     41.670   2.988424        0.0
   1137.500     3.7879     41.670   2.988424        0.0
   1137.750     3.7879     41.685   2.988443        0.0
   1138.000     3.7879     41.703   2.988424        0.0
   1138.250     3.7879     41.722   2.988443        0.0
   1138.500     3.7879     41.722   2.988443        0.0
   1138.750     3.7880     41.740   2.988424        0.0
   1139.000     3.7881     41.752   2.988424        0.0
   1139.250     3.7879     41.758   2.988443        0.0
   1139.500     3.7878     41.783   2.988424        0.0
   1139.750     3.7879     41.786   2.988443        0.0
   1140.000     3.7879     41.783   2.988424        0.0
   1140.250     3.7879     41.777   2.988424        0.0
   1140.500     3.7878     41.758   2.988443        0.0
   1140.750     3.7878     41.762   2.988424        0.0
   1141.000     3.7879     41.749   2.988424        0.0
   1141.250     3.7879     41.731   2.988443        0.0
   1141.500     3.7880     41.722   2.988424        0.0
   1141.750     3.7881     41.698   2.988375        0.0
   1142.000     3.7881     41.694   2.988443        0.0
   1142.250     3.7881     41.664   2.988424        0.0
   1142.500     3.7881     41.655   2.988424        0.0
