docs/reference/2021_06_13_0003_raw.cnv
* Sea-Bird SBE19plus  Data File:
* FileName = C:\CTD\202101_162_L1\2021_06_13\2021_06_13_0003.hex
* Software version 2.8.0.119
* Temperature SN = 8102
* Conductivity SN = 8102
* System UpLoad Time = Jun 13 2021 15:50:38
* <ApplicationData>
* <Seaterm232>
# nquan = 6
# nvalues = 10409                                 
# units = specified
# name 0 = timeS: Time, Elapsed [seconds]
# name 1 = depSM: Depth [salt water, m], lat = 57.00
# name 2 = tv290C: Temperature [ITS-90, deg C]
# name 3 = prdM: Pressure, Strain Gauge [db]
# name 4 = c0S/m: Conductivity [S/m]
# name 5 = flag:  0.000e+00
# span 0 =      0.000,   2602.000                 
# span 1 =     -0.252,     42.466                 
# span 2 =     3.7522,     5.5933                 
# span 3 =     -0.254,     42.864                 
# span 4 =   0.000130,   3.046439                 
# span 5 = 0.0000e+00, 0.0000e+00                 
# interval = seconds: 0.25
# start_time = Jun 13 2021 12:13:29 [Instrument's time stamp, header]
# bad_flag = -9.990e-29
*END*
[from data line 4060]
   1015.000     41.363     3.7892     41.750   2.988424  0.000e+00
   1015.250     41.372     3.7892     41.760   2.988424  0.000e+00
   1015.500     41.381     3.7892     41.769   2.988424  0.000e+00
   1015.750     41.393     3.7892     41.781   2.988399  0.000e+00
   1016.000     41.390     3.7891     41.778   2.988399  0.000e+00
   1016.250     41.387     3.7891     41.775   2.988443  0.000e+00
   1016.500     41.375     3.7892     41.763   2.988424  0.000e+00
   1016.750     41.381     3.7892     41.769   2.988424  0.000e+00
   1017.000     41.375     3.7892     41.763   2.988424  0.000e+00
   1017.250     41.360     3.7892     41.748   2.988424  0.000e+00
   1017.500     41.369     3.7892     41.757   2.988424  0.000e+00
   1017.750     41.369     3.7891     41.757   2.988424  0.000e+00
   1018.000     41.351     3.7891     41.738   2.988424  0.000e+00
   1018.250     41.351     3.7892     41.738   2.988399  0.000e+00
   1018.500     41.336     3.7892     41.723   2.988424  0.000e+00
   1018.750     41.354     3.7892     41.742   2.988424  0.000e+00
   1019.000     41.351     3.7891     41.739   2.988424  0.000e+00
   1019.250     41.354     3.7892     41.742   2.988424  0.000e+00
   1019.500     41.348     3.7891     41.736   2.988356  0.000e+00
   1019.750     41.336     3.7892     41.723   2.988443  0.000e+00
   1020.000     41.336     3.7892     41.723   2.988424  0.000e+00
   1020.250     41.342     3.7892     41.730   2.988424  0.000e+00
   1020.500     41.321     3.7893     41.708   2.988424  0.000e+00
   1020.750     41.321     3.7892     41.708   2.988467  0.000e+00
   1021.000     41.321     3.7892     41.708   2.988443  0.000e+00
   1021.250     41.327     3.7893     41.714   2.988424  0.000e+00
   1021.500     41.324     3.7892     41.711   2.988443  0.000e+00
   1021.750     41.339     3.7891     41.726   2.988443  0.000e+00
   1022.000     41.333     3.7892     41.720   2.988424  0.000e+00
   1022.250     41.339     3.7892     41.726   2.988424  0.000e+00
   1022.500     41.345     3.7892     41.732   2.988424  0.000e+00
   1022.750     41.360     3.7891     41.748   2.988399  0.000e+00
   1023.000     41.369     3.7890     41.757   2.988424  0.000e+00
   1023.250     41.372     3.7890     41.760   2.988443  0.000e+00
   1023.500     41.375     3.7890     41.763   2.988443  0.000e+00
   1023.750     41.393     3.7890     41.781   2.988443  0.000e+00
   1024.000     41.390     3.7890     41.778   2.988424  0.000e+00
   1024.250     41.390     3.7890     41.778   2.988424  0.000e+00
   1024.500     41.387     3.7890     41.775   2.988443  0.000e+00
   1024.750     41.384     3.7890     41.772   2.988443  0.000e+00
   1025.000     41.378     3.7892     41.766   2.988424  0.000e+00
   1025.250     41.357     3.7891     41.744   2.988443  0.000e+00
   1025.500     41.360     3.7891     41.748   2.988424  0.000e+00
   1025.750     41.357     3.7891     41.744   2.988424  0.000e+00
   1026.000     41.348     3.7890     41.735   2.988424  0.000e+00
   1026.250     41.345     3.7890     41.732   2.988443  0.000e+00
   1026.500     41.342     3.7889     41.729   2.988399  0.000e+00
   1026.750     41.333     3.7889     41.720   2.988424  0.000e+00
   1027.000     41.330     3.7888     41.717   2.988424  0.000e+00
   1027.250     41.342     3.7889     41.729   2.988424  0.000e+00
   1027.500     41.318     3.7889     41.705   2.988424  0.000e+00
   1027.750     41.321     3.7889     41.708   2.988399  0.000e+00
   1028.000     41.312     3.7888     41.699   2.988424  0.000e+00
   1028.250     41.315     3.7889     41.702   2.988424  0.000e+00
   1028.500     41.300     3.7889     41.687   2.988424  0.000e+00
   1028.750     41.300     3.7889     41.687   2.988424  0.000e+00
   1029.000     41.318     3.7889     41.705   2.988424  0.000e+00
   1029.250     41.324     3.7888     41.711   2.988424  0.000e+00
   1029.500     41.339     3.7889     41.726   2.988424  0.000e+00
   1029.750     41.357     3.7889     41.745   2.988424  0.000e+00
   1030.000     41.363     3.7889     41.751   2.988443  0.000e+00
   1030.250     41.381     3.7889     41.769   2.988424  0.000e+00
   1030.500     41.390     3.7889     41.778   2.988399  0.000e+00
   1030.750     41.405     3.7889     41.793   2.988424  0.000e+00
   1031.000     41.411     3.7889     41.799   2.988424  0.000e+00
   1031.250     41.411     3.7889     41.799   2.988399  0.000e+00
   1031.500     41.417     3.7889     41.805   2.988399  0.000e+00
   1031.750     41.405     3.7890     41.793   2.988424  0.000e+00
   1032.000     41.411     3.7889     41.799   2.988424  0.000e+00
   1032.250     41.399     3.7889     41.787   2.988424  0.000e+00
   1032.500     41.399     3.7889     41.787   2.988424  0.000e+00
   1032.750     41.384     3.7889     41.772   2.988399  0.000e+00
   1033.000     41.369     3.7888     41.757   2.988424  0.000e+00
   1033.250     41.366     3.7888     41.754   2.988356  0.000e+00
   1033.500     41.345     3.7889     41.732   2.988399  0.000e+00
   1033.750     41.345     3.7888     41.732   2.988424  0.000e+00
   1034.000     41.339     3.7887     41.726   2.988399  0.000e+00
   1034.250     41.330     3.7888     41.717   2.988399  0.000e+00
   1034.500     41.318     3.7888     41.705   2.988399  0.000e+00
   1034.750     41.318     3.7888     41.705   2.988399  0.000e+00
   1035.000     41.324     3.7886     41.711   2.988399  0.000e+00
   1035.250     41.324     3.7887     41.711   2.988399  0.000e+00
   1035.500     41.333     3.7888     41.720   2.988424  0.000e+00
   1035.750     41.324     3.7888     41.711   2.988424  0.000e+00
   1036.000     41.330     3.7888     41.717   2.988424  0.000e+00
   1036.250     41.330     3.7887     41.717   2.988424  0.000e+00
   1036.500     41.327     3.7889     41.714   2.988424  0.000e+00
   1036.750     41.342     3.7888     41.730   2.988443  0.000e+00
   1037.000     41.348     3.7888     41.736   2.988424  0.000e+00
   1037.250     41.345     3.7888     41.733   2.988424  0.000e+00
   1037.500     41.342     3.7888     41.730   2.988375  0.000e+00
   1037.750     41.360     3.7887     41.748   2.988399  0.000e+00
   1038.000     41.366     3.7888     41.754   2.988399  0.000e+00
   1038.250     41.369     3.7889     41.757   2.988399  0.000e+00
   1038.500     41.372     3.7888     41.760   2.987818  0.000e+00
   1038.750     41.381     3.7887     41.769   2.988195  0.000e+00
   1039.000     41.378     3.7888     41.766   2.988424  0.000e+00
   1039.250     41.397     3.7888     41.784   2.988424  0.000e+00
   1039.500     41.405     3.7888     41.794   2.988399  0.000e+00
   1039.750     41.409     3.7888     41.797   2.988424  0.000e+00
   1040.000     41.402     3.7888     41.790   2.988399  0.000e+00
   1040.250     41.405     3.7887     41.794   2.988356  0.000e+00
   1040.500     41.402     3.7888     41.790   2.988424  0.000e+00
   1040.750     41.399     3.7888     41.787   2.988399  0.000e+00
   1041.000     41.412     3.7889     41.800   2.988375  0.000e+00
   1041.250     41.397     3.7888     41.784   2.988424  0.000e+00
   1041.500     41.390     3.7888     41.778   2.988424  0.000e+00
   1041.750     41.393     3.7887     41.781   2.988424  0.000e+00
   1042.000     41.369     3.7887     41.757   2.988424  0.000e+00
   1042.250     41.369     3.7888     41.757   2.988424  0.000e+00
   1042.500     41.363     3.7888     41.751   2.988424  0.000e+00
   1042.750     41.363     3.7888     41.751   2.988399  0.000e+00
   1043.000     41.333     3.7888     41.720   2.988399  0.000e+00
   1043.250     41.336     3.7888     41.723   2.988399  0.000e+00
   1043.500     41.324     3.7887     41.711   2.988399  0.000e+00
   1043.750     41.327     3.7887     41.714   2.988424  0.000e+00
   1044.000     41.330     3.7887     41.717   2.988424  0.000e+00
   1044.250     41.315     3.7887     41.702   2.988443  0.000e+00
   1044.500     41.327     3.7887     41.714   2.988424  0.000e+00
   1044.750     41.333     3.7887     41.720   2.988424  0.000e+00
   1045.000     41.339     3.7888     41.727   2.988424  0.000e+00
   1045.250     41.370     3.7888     41.757   2.988424  0.000e+00
   1045.500     41.370     3.7888     41.757   2.988443  0.000e+00
   1045.750     41.388     3.7888     41.776   2.988424  0.000e+00
   1046.000     41.409     3.7889     41.797   2.988443  0.000e+00
   1046.250     41.421     3.7888     41.809   2.988399  0.000e+00
   1046.500     41.430     3.7888     41.818   2.988424  0.000e+00
   1046.750     41.427     3.7887     41.815   2.988424  0.000e+00
   1047.000     41.427     3.7888     41.815   2.988424  0.000e+00
   1047.250     41.445     3.7887     41.833   2.988424  0.000e+00
   1047.500     41.424     3.7887     41.812   2.988399  0.000e+00
   1047.750     41.421     3.7887     41.809   2.988424  0.000e+00
   1048.000     41.409     3.7888     41.797   2.988424  0.000e+00
   1048.250     41.406     3.7887     41.794   2.988424  0.000e+00
   1048.500     41.391     3.7888     41.779   2.988424  0.000e+00
   1048.750     41.366     3.7888     41.754   2.988424  0.000e+00
   1049.000     41.354     3.7887     41.742   2.988424  0.000e+00
   1049.250     41.351     3.7887     41.739   2.988424  0.000e+00
   1049.500     41.324     3.7887     41.711   2.988424  0.000e+00
   1049.750     41.312     3.7888     41.699   2.988424  0.000e+00
   1050.000     41.315     3.7888     41.702   2.988399  0.000e+00
   1050.250     41.297     3.7887     41.684   2.988424  0.000e+00
   1050.500     41.291     3.7887     41.678   2.988424  0.000e+00
   1050.750     41.291     3.7888     41.678   2.988424  0.000e+00
   1051.000     41.285     3.7887     41.672   2.988356  0.000e+00
   1051.250     41.291     3.7887     41.678   2.988399  0.000e+00
   1051.500     41.306     3.7888     41.693   2.988424  0.000e+00
   1051.750     41.321     3.7887     41.708   2.988399  0.000e+00
   1052.000     41.327     3.7888     41.714   2.988424  0.000e+00
   1052.250     41.357     3.7887     41.745   2.988424  0.000e+00
   1052.500     41.345     3.7886     41.733   2.988399  0.000e+00
   1052.750     41.363     3.7887     41.751   2.988399  0.000e+00
   1053.000     41.366     3.7887     41.754   2.988288  0.000e+00
   1053.250     41.388     3.7886     41.776   2.988424  0.000e+00
   1053.500     41.379     3.7886     41.766   2.988331  0.000e+00
   1053.750     41.391     3.7886     41.779   2.988424  0.000e+00
   1054.000     41.388     3.7887     41.776   2.988424  0.000e+00
   1054.250     41.403     3.7886     41.791   2.988424  0.000e+00
   1054.500     41.379     3.7886     41.766   2.988424  0.000e+00
   1054.750     41.378     3.7886     41.766   2.988399  0.000e+00
   1055.000     41.381     3.7886     41.769   2.988443  0.000e+00
   1055.250     41.372     3.7886     41.760   2.988443  0.000e+00
   1055.500     41.375     3.7886     41.763   2.988443  0.000e+00
   1055.750     41.366     3.7886     41.754   2.988424  0.000e+00
   1056.000     41.375     3.7884     41.763   2.988375  0.000e+00
   1056.250     41.369     3.7886     41.757   2.988424  0.000e+00
   1056.500     41.369     3.7886     41.757   2.988424  0.000e+00
   1056.750     41.372     3.7884     41.760   2.988424  0.000e+00
   1057.000     41.369     3.7885     41.757   2.988424  0.000e+00
   1057.250     41.369     3.7886     41.757   2.988375  0.000e+00
   1057.500     41.369     3.7885     41.757   2.988424  0.000e+00
   1057.750     41.369     3.7886     41.757   2.988443  0.000e+00
   1058.000     41.369     3.7887     41.757   2.988424  0.000e+00
   1058.250     41.370     3.7887     41.757   2.988399  0.000e+00
   1058.500     41.357     3.7886     41.745   2.988399  0.000e+00
   1058.750     41.354     3.7885     41.742   2.988399  0.000e+00
   1059.000     41.339     3.7885     41.727   2.988399  0.000e+00
   1059.250     41.339     3.7886     41.727   2.988399  0.000e+00
   1059.500     41.348     3.7884     41.736   2.988399  0.000e+00
   1059.750     41.336     3.7886     41.724   2.988424  0.000e+00
   1060.000     41.318     3.7884     41.706   2.988399  0.000e+00
   1060.250     41.337     3.7884     41.724   2.988399  0.000e+00
   1060.500     41.334     3.7884     41.721   2.988399  0.000e+00
   1060.750     41.358     3.7884     41.745   2.988424  0.000e+00
   1061.000     41.358     3.7885     41.745   2.988399  0.000e+00
   1061.250     41.364     3.7884     41.751   2.988424  0.000e+00
   1061.500     41.370     3.7886     41.758   2.988424  0.000e+00
   1061.750     41.376     3.7885     41.764   2.988424  0.000e+00
   1062.000     41.376     3.7887     41.764   2.988375  0.000e+00
   1062.250     41.367     3.7885     41.754   2.988443  0.000e+00
   1062.500     41.361     3.7886     41.748   2.988399  0.000e+00
   1062.750     41.355     3.7886     41.742   2.988424  0.000e+00
   1063.000     41.340     3.7886     41.727   2.988424  0.000e+00
   1063.250     41.327     3.7886     41.715   2.988424  0.000e+00
   1063.500     41.300     3.7885     41.687   2.988424  0.000e+00
   1063.750     41.276     3.7884     41.663   2.988399  0.000e+00
   1064.000     41.258     3.7884     41.644   2.988399  0.000e+00
   1064.250     41.231     3.7884     41.617   2.988399  0.000e+00
   1064.500     41.216     3.7885     41.602   2.988399  0.000e+00
   1064.750     41.206     3.7884     41.592   2.988399  0.000e+00
   1065.000     41.221     3.7884     41.608   2.988399  0.000e+00
   1065.250     41.243     3.7885     41.629   2.988424  0.000e+00
   1065.500     41.258     3.7884     41.644   2.988424  0.000e+00
   1065.750     41.288     3.7885     41.675   2.988424  0.000e+00
   1066.000     41.315     3.7884     41.703   2.988443  0.000e+00
   1066.250     41.334     3.7885     41.721   2.988424  0.000e+00
   1066.500     41.349     3.7884     41.736   2.988399  0.000e+00
   1066.750     41.367     3.7884     41.754   2.988443  0.000e+00
   1067.000     41.364     3.7884     41.751   2.988424  0.000e+00
   1067.250     41.373     3.7884     41.760   2.988424  0.000e+00
   1067.500     41.376     3.7884     41.763   2.988424  0.000e+00
   1067.750     41.376     3.7885     41.763   2.988399  0.000e+00
   1068.000     41.367     3.7885     41.754   2.988399  0.000e+00
   1068.250     41.351     3.7884     41.739   2.988424  0.000e+00
   1068.500     41.342     3.7884     41.730   2.988399  0.000e+00
   1068.750     41.345     3.7884     41.733   2.988424  0.000e+00
   1069.000     41.330     3.7884     41.718   2.988424  0.000e+00
   1069.250     41.339     3.7885     41.727   2.988399  0.000e+00
   1069.500     41.333     3.7885     41.721   2.988331  0.000e+00
   1069.750     41.351     3.7884     41.739   2.988399  0.000e+00
   1070.000     41.345     3.7884     41.733   2.988375  0.000e+00
   1070.250     41.342     3.7884     41.730   2.988399  0.000e+00
   1070.500     41.333     3.7884     41.721   2.988424  0.000e+00
   1070.750     41.333     3.7884     41.721   2.988424  0.000e+00
   1071.000     41.324     3.7884     41.711   2.988424  0.000e+00
   1071.250     41.324     3.7885     41.712   2.988424  0.000e+00
   1071.500     41.315     3.7885     41.702   2.988443  0.000e+00
   1071.750     41.333     3.7885     41.721   2.988424  0.000e+00
   1072.000     41.312     3.7884     41.699   2.988424  0.000e+00
   1072.250     41.315     3.7885     41.702   2.988424  0.000e+00
   1072.500     41.318     3.7885     41.706   2.988424  0.000e+00
   1072.750     41.321     3.7886     41.708   2.988443  0.000e+00
   1073.000     41.324     3.7885     41.712   2.988424  0.000e+00
   1073.250     41.331     3.7885     41.718   2.988424  0.000e+00
   1073.500     41.334     3.7885     41.721   2.988424  0.000e+00
   1073.750     41.312     3.7884     41.699   2.988424  0.000e+00
   1074.000     41.324     3.7886     41.712   2.988399  0.000e+00
   1074.250     41.321     3.7884     41.709   2.988424  0.000e+00
