docs/reference/2021_06_13_0003.cnv
* Sea-Bird SBE19plus  Data File:
* FileName = C:\CTD\202101_162_L1\2021_06_13\2021_06_13_0003.hex
* Software version 2.8.0.119
* Temperature SN = 8102
* Conductivity SN = 8102
* System UpLoad Time = Jun 13 2021 15:50:38
* <ApplicationData>
* <Seaterm232>
# nquan = 5
# nvalues = 10408
# units = specified
# name 1 = timeS: Time, Elapsed [seconds]
# name 2 = tv290C: Temperature [ITS-90, deg C]
# name 3 = prdM: Pressure, Strain Gauge [db]
# name 4 = c0S/m: Conductivity [S/m]
# name 5 = flag:  0.000e+00
# span 1 =          0,    2601.75
# span 2 =     3.7522,     5.5933
# span 3 =     -0.254,     42.864
# span 4 =    0.00013,   3.046439
# span 5 =          0,          0
# interval = seconds: 0.25
# start_time = Jun 13 2021 12:13:29 [Instrument's time stamp, header]
# bad_flag = -9.990e-29
*END*
[from data line 6858]
   1714.500     3.7763     42.026   2.987638        0.0
   1714.750     3.7762     42.029   2.987663        0.0
   1715.000     3.7763     42.029   2.987682        0.0
   1715.250     3.7764     42.029   2.987707        0.0
   1715.500     3.7766     42.041   2.987731        0.0
   1715.750     3.7766     42.047   2.987707        0.0
   1716.000     3.7766     42.063   2.987682        0.0
   1716.250     3.7768     42.078   2.987731        0.0
   1716.500     3.7769     42.084   2.987731        0.0
   1716.750     3.7770     42.096   2.987707        0.0
   1717.000     3.7770     42.111   2.987731        0.0
   1717.250     3.7769     42.121   2.987750        0.0
   1717.500     3.7770     42.133   2.987750        0.0
   1717.750     3.7770     42.139   2.987750        0.0
   1718.000     3.7771     42.136   2.987775        0.0
   1718.250     3.7771     42.139   2.987793        0.0
   1718.500     3.7773     42.120   2.987682        0.0
   1718.750     3.7771     42.114   2.987663        0.0
   1719.000     3.7769     42.114   2.987663        0.0
   1719.250     3.7766     42.105   2.987663        0.0
   1719.500     3.7765     42.105   2.987639        0.0
   1719.750     3.7764     42.084   2.987639        0.0
   1720.000     3.7763     42.075   2.987614        0.0
   1720.250     3.7763     42.084   2.987639        0.0
   1720.500     3.7762     42.065   2.987663        0.0
   1720.750     3.7762     42.065   2.987663        0.0
   1721.000     3.7761     42.044   2.987638        0.0
   1721.250     3.7760     42.029   2.987614        0.0
   1721.500     3.7759     42.026   2.987552        0.0
   1721.750     3.7757     42.023   2.987552        0.0
   1722.000     3.7757     42.010   2.987570        0.0
   1722.250     3.7756     42.026   2.987595        0.0
   1722.500     3.7757     42.020   2.987614        0.0
   1722.750     3.7758     42.035   2.987638        0.0
   1723.000     3.7758     42.032   2.987663        0.0
   1723.250     3.7760     42.062   2.987663        0.0
   1723.500     3.7761     42.074   2.987639        0.0
   1723.750     3.7761     42.087   2.987682        0.0
   1724.000     3.7761     42.087   2.987682        0.0
   1724.250     3.7763     42.099   2.987663        0.0
   1724.500     3.7762     42.096   2.987682        0.0
   1724.750     3.7764     42.093   2.987682        0.0
   1725.000     3.7764     42.093   2.987663        0.0
   1725.250     3.7764     42.087   2.987682        0.0
   1725.500     3.7765     42.071   2.987663        0.0
   1725.750     3.7766     42.062   2.987663        0.0
   1726.000     3.7764     42.041   2.987707        0.0
   1726.250     3.7764     42.044   2.987663        0.0
   1726.500     3.7766     42.041   2.987638        0.0
   1726.750     3.7764     42.032   2.987614        0.0
   1727.000     3.7762     42.038   2.987638        0.0
   1727.250     3.7763     42.050   2.987614        0.0
   1727.500     3.7763     42.053   2.987638        0.0
   1727.750     3.7761     42.072   2.987639        0.0
   1728.000     3.7761     42.087   2.987639        0.0
   1728.250     3.7760     42.093   2.987595        0.0
   1728.500     3.7760     42.096   2.987614        0.0
   1728.750     3.7760     42.124   2.987614        0.0
   1729.000     3.7760     42.118   2.987639        0.0
   1729.250     3.7760     42.115   2.987614        0.0
   1729.500     3.7758     42.105   2.987614        0.0
   1729.750     3.7757     42.099   2.987595        0.0
   1730.000     3.7759     42.099   2.987614        0.0
   1730.250     3.7757     42.093   2.987614        0.0
   1730.500     3.7756     42.090   2.987595        0.0
   1730.750     3.7756     42.078   2.987595        0.0
   1731.000     3.7756     42.078   2.987570        0.0
   1731.250     3.7755     42.063   2.987570        0.0
   1731.500     3.7755     42.057   2.987570        0.0
   1731.750     3.7754     42.063   2.987570        0.0
   1732.000     3.7754     42.054   2.987595        0.0
   1732.250     3.7754     42.053   2.987570        0.0
   1732.500     3.7754     42.063   2.987595        0.0
   1732.750     3.7754     42.066   2.987595        0.0
   1733.000     3.7755     42.081   2.987595        0.0
   1733.250     3.7754     42.084   2.987595        0.0
   1733.500     3.7754     42.078   2.987570        0.0
   1733.750     3.7754     42.093   2.987639        0.0
   1734.000     3.7755     42.093   2.987595        0.0
   1734.250     3.7755     42.087   2.987595        0.0
   1734.500     3.7755     42.087   2.987570        0.0
   1734.750     3.7754     42.075   2.987570        0.0
   1735.000     3.7755     42.065   2.987595        0.0
   1735.250     3.7754     42.059   2.987595        0.0
   1735.500     3.7753     42.053   2.987502        0.0
   1735.750     3.7754     42.044   2.987552        0.0
   1736.000     3.7754     42.035   2.987552        0.0
   1736.250     3.7753     42.035   2.987595        0.0
   1736.500     3.7753     42.038   2.987614        0.0
   1736.750     3.7754     42.050   2.987595        0.0
   1737.000     3.7755     42.065   2.987552        0.0
   1737.250     3.7754     42.069   2.987570        0.0
   1737.500     3.7753     42.090   2.987595        0.0
   1737.750     3.7754     42.102   2.987614        0.0
   1738.000     3.7754     42.111   2.987595        0.0
   1738.250     3.7755     42.114   2.987595        0.0
   1738.500     3.7755     42.111   2.987595        0.0
   1738.750     3.7756     42.114   2.987639        0.0
   1739.000     3.7758     42.105   2.987639        0.0
   1739.250     3.7758     42.096   2.987707        0.0
   1739.500     3.7760     42.090   2.987731        0.0
   1739.750     3.7764     42.084   2.987750        0.0
   1740.000     3.7767     42.081   2.987663        0.0
   1740.250     3.7765     42.072   2.987595        0.0
   1740.500     3.7764     42.072   2.987570        0.0
   1740.750     3.7761     42.063   2.987570        0.0
   1741.000     3.7759     42.069   2.987570        0.0
   1741.250     3.7756     42.084   2.987595        0.0
   1741.500     3.7755     42.081   2.987595        0.0
   1741.750     3.7754     42.068   2.987552        0.0
   1742.000     3.7753     42.069   2.987527        0.0
   1742.250     3.7752     42.087   2.987552        0.0
   1742.500     3.7751     42.081   2.987527        0.0
   1742.750     3.7751     42.078   2.987552        0.0
   1743.000     3.7749     42.078   2.987527        0.0
   1743.250     3.7749     42.084   2.987502        0.0
   1743.500     3.7749     42.087   2.987552        0.0
   1743.750     3.7748     42.084   2.987527        0.0
   1744.000     3.7748     42.081   2.987527        0.0
   1744.250     3.7749     42.081   2.987502        0.0
   1744.500     3.7748     42.090   2.987552        0.0
   1744.750     3.7749     42.096   2.987570        0.0
   1745.000     3.7748     42.090   2.987570        0.0
   1745.250     3.7751     42.093   2.987552        0.0
   1745.500     3.7751     42.093   2.987570        0.0
   1745.750     3.7752     42.096   2.987502        0.0
   1746.000     3.7751     42.102   2.987527        0.0
   1746.250     3.7751     42.105   2.987552        0.0
   1746.500     3.7750     42.084   2.987570        0.0
   1746.750     3.7750     42.081   2.987595        0.0
   1747.000     3.7752     42.081   2.987570        0.0
   1747.250     3.7753     42.072   2.987595        0.0
   1747.500     3.7752     42.072   2.987570        0.0
   1747.750     3.7753     42.069   2.987552        0.0
   1748.000     3.7753     42.069   2.987595        0.0
   1748.250     3.7754     42.081   2.987570        0.0
   1748.500     3.7753     42.081   2.987570        0.0
   1748.750     3.7754     42.093   2.987570        0.0
   1749.000     3.7754     42.081   2.987595        0.0
   1749.250     3.7753     42.087   2.987570        0.0
   1749.500     3.7753     42.093   2.987570        0.0
   1749.750     3.7751     42.078   2.987570        0.0
   1750.000     3.7751     42.081   2.987570        0.0
   1750.250     3.7752     42.081   2.987552        0.0
   1750.500     3.7752     42.081   2.987570        0.0
   1750.750     3.7752     42.075   2.987570        0.0
   1751.000     3.7751     42.075   2.987570        0.0
   1751.250     3.7752     42.081   2.987552        0.0
   1751.500     3.7751     42.075   2.987552        0.0
   1751.750     3.7750     42.069   2.987552        0.0
   1752.000     3.7751     42.056   2.987570        0.0
   1752.250     3.7751     42.065   2.987527        0.0
   1752.500     3.7751     42.069   2.987552        0.0
   1752.750     3.7751     42.065   2.987527        0.0
   1753.000     3.7749     42.066   2.987552        0.0
   1753.250     3.7751     42.078   2.987552        0.0
   1753.500     3.7752     42.084   2.987570        0.0
   1753.750     3.7751     42.099   2.987552        0.0
   1754.000     3.7752     42.105   2.987552        0.0
   1754.250     3.7752     42.118   2.987552        0.0
   1754.500     3.7751     42.127   2.987552        0.0
   1754.750     3.7751     42.121   2.987595        0.0
   1755.000     3.7752     42.108   2.987570        0.0
   1755.250     3.7752     42.102   2.987552        0.0
   1755.500     3.7752     42.090   2.987552        0.0
   1755.750     3.7752     42.084   2.987552        0.0
   1756.000     3.7751     42.072   2.987459        0.0
   1756.250     3.7748     42.078   2.987502        0.0
   1756.500     3.7748     42.087   2.987441        0.0
   1756.750     3.7746     42.093   2.987484        0.0
   1757.000     3.7745     42.096   2.987459        0.0
   1757.250     3.7743     42.118   2.987484        0.0
   1757.500     3.7742     42.121   2.987459        0.0
   1757.750     3.7741     42.112   2.987484        0.0
   1758.000     3.7742     42.118   2.987459        0.0
   1758.250     3.7742     42.115   2.987484        0.0
   1758.500     3.7741     42.115   2.987441        0.0
   1758.750     3.7741     42.109   2.987459        0.0
   1759.000     3.7741     42.096   2.987441        0.0
   1759.250     3.7741     42.081   2.987459        0.0
   1759.500     3.7741     42.075   2.987484        0.0
   1759.750     3.7741     42.072   2.987502        0.0
   1760.000     3.7741     42.047   2.987502        0.0
   1760.250     3.7742     42.041   2.987527        0.0
   1760.500     3.7744     42.047   2.987552        0.0
   1760.750     3.7745     42.041   2.987502        0.0
   1761.000     3.7746     42.035   2.987552        0.0
   1761.250     3.7747     42.041   2.987502        0.0
   1761.500     3.7747     42.048   2.987484        0.0
   1761.750     3.7745     42.060   2.987459        0.0
   1762.000     3.7744     42.069   2.987459        0.0
   1762.250     3.7743     42.087   2.987459        0.0
   1762.500     3.7740     42.087   2.987441        0.0
   1762.750     3.7740     42.090   2.987484        0.0
   1763.000     3.7741     42.096   2.987441        0.0
   1763.250     3.7740     42.109   2.987459        0.0
   1763.500     3.7739     42.099   2.987441        0.0
   1763.750     3.7739     42.099   2.987441        0.0
   1764.000     3.7739     42.100   2.987459        0.0
   1764.250     3.7739     42.093   2.987527        0.0
   1764.500     3.7741     42.084   2.987502        0.0
   1764.750     3.7742     42.078   2.987502        0.0
   1765.000     3.7743     42.075   2.987502        0.0
   1765.250     3.7743     42.069   2.987459        0.0
   1765.500     3.7742     42.084   2.987416        0.0
   1765.750     3.7741     42.087   2.987391        0.0
   1766.000     3.7739     42.093   2.987416        0.0
   1766.250     3.7737     42.102   2.987391        0.0
   1766.500     3.7736     42.109   2.987416        0.0
   1766.750     3.7736     42.109   2.987391        0.0
   1767.000     3.7735     42.109   2.987416        0.0
   1767.250     3.7735     42.109   2.987373        0.0
   1767.500     3.7734     42.096   2.987391        0.0
   1767.750     3.7734     42.090   2.987391        0.0
   1768.000     3.7733     42.084   2.987441        0.0
   1768.250     3.7735     42.069   2.987484        0.0
   1768.500     3.7737     42.066   2.987484        0.0
   1768.750     3.7740     42.084   2.987441        0.0
   1769.000     3.7739     42.081   2.987441        0.0
   1769.250     3.7738     42.078   2.987459        0.0
   1769.500     3.7737     42.066   2.987441        0.0
   1769.750     3.7738     42.081   2.987484        0.0
   1770.000     3.7739     42.084   2.987484        0.0
   1770.250     3.7739     42.081   2.987459        0.0
   1770.500     3.7739     42.084   2.987441        0.0
   1770.750     3.7740     42.093   2.987459        0.0
   1771.000     3.7739     42.090   2.987484        0.0
   1771.250     3.7740     42.084   2.987441        0.0
   1771.500     3.7740     42.081   2.987484        0.0
   1771.750     3.7740     42.093   2.987459        0.0
   1772.000     3.7741     42.081   2.987441        0.0
   1772.250     3.7740     42.081   2.987416        0.0
   1772.500     3.7738     42.078   2.987441        0.0
   1772.750     3.7738     42.081   2.987459        0.0
   1773.000     3.7737     42.075   2.987459        0.0
   1773.250     3.7738     42.078   2.987484        0.0
   1773.500     3.7738     42.075   2.987459        0.0
   1773.750     3.7738     42.078   2.987459        0.0
   1774.000     3.7739     42.081   2.987441        0.0
   1774.250     3.7739     42.096   2.987459        0.0
   1774.500     3.7739     42.087   2.987441        0.0
   1774.750     3.7739     42.102   2.987441        0.0
   1775.000     3.7739     42.105   2.987459        0.0
   1775.250     3.7738     42.105   2.987459        0.0
   1775.500     3.7737     42.105   2.987441        0.0
   1775.750     3.7739     42.124   2.987416        0.0
   1776.000     3.7737     42.115   2.987391        0.0
   1776.250     3.7739     42.111   2.987484        0.0
   1776.500     3.7738     42.124   2.987459        0.0
   1776.750     3.7739     42.127   2.987459        0.0
   1777.000     3.7739     42.130   2.987459        0.0
   1777.250     3.7737     42.118   2.987416        0.0
   1777.500     3.7737     42.111   2.987391        0.0
   1777.750     3.7737     42.115   2.987441        0.0
   1778.000     3.7736     42.102   2.987441        0.0
   1778.250     3.7737     42.105   2.987416        0.0
   1778.500     3.7737     42.102   2.987441        0.0
   1778.750     3.7737     42.087   2.987441        0.0
   1779.000     3.7737     42.087   2.987441        0.0
   1779.250     3.7737     42.075   2.987441        0.0
   1779.500     3.7737     42.075   2.987459        0.0
   1779.750     3.7737     42.072   2.987372        0.0
   1780.000     3.7736     42.057   2.987372        0.0
   1780.250     3.7735     42.075   2.987372        0.0
   1780.500     3.7733     42.084   2.987372        0.0
   1780.750     3.7731     42.078   2.987372        0.0
   1781.000     3.7730     42.097   2.987391        0.0
   1781.250     3.7731     42.112   2.987373        0.0
   1781.500     3.7731     42.118   2.987348        0.0
   1781.750     3.7730     42.127   2.987348        0.0
   1782.000     3.7730     42.139   2.987373        0.0
   1782.250     3.7730     42.139   2.987373        0.0
   1782.500     3.7729     42.148   2.987373        0.0
   1782.750     3.7729     42.139   2.987329        0.0
   1783.000     3.7729     42.133   2.987373        0.0
   1783.250     3.7729     42.121   2.987441        0.0
   1783.500     3.7731     42.112   2.987484        0.0
   1783.750     3.7734     42.103   2.987459        0.0
   1784.000     3.7736     42.084   2.987502        0.0
   1784.250     3.7738     42.069   2.987459        0.0
   1784.500     3.7738     42.060   2.987416        0.0
   1784.750     3.7737     42.063   2.987459        0.0
   1785.000     3.7737     42.063   2.987459        0.0
   1785.250     3.7737     42.063   2.987459        0.0
