docs/reference/2021_06_13_0003_raw.cnv
* Sea-Bird SBE19plus  Data File:
* FileName = C:\CTD\202101_162_L1\2021_06_13\2021_06_13_0003.hex
* Software version 2.8.0.119
* Temperature SN = 8102
* Conductivity SN = 8102
* System UpLoad Time = Jun 13 2021 15:50:38
* <ApplicationData>
* <Seaterm232>
# nquan = 6
# nvalues = 10409                                 
# units = specified
# name 0 = timeS: Time, Elapsed [seconds]
# name 1 = depSM: Depth [salt water, m], lat = 57.00
# name 2 = tv290C: Temperature [ITS-90, deg C]
# name 3 = prdM: Pressure, Strain Gauge [db]
# name 4 = c0S/m: Conductivity [S/m]
# name 5 = flag:  0.000e+00
# span 0 =      0.000,   2602.000                 
# span 1 =     -0.252,     42.466                 
# span 2 =     3.7522,     5.5933                 
# span 3 =     -0.254,     42.864                 
# span 4 =   0.000130,   3.046439                 
# span 5 = 0.0000e+00, 0.0000e+00                 
# interval = seconds: 0.25
# start_time = Jun 13 2021 12:13:29 [Instrument's time stamp, header]
# bad_flag = -9.990e-29
*END*
[from data line 3583]
    895.750     41.273     3.7906     41.660   2.988356  0.000e+00
    896.000     41.297     3.7906     41.684   2.988399  0.000e+00
    896.250     41.310     3.7906     41.697   2.988399  0.000e+00
    896.500     41.294     3.7907     41.681   2.988375  0.000e+00
    896.750     41.303     3.7906     41.690   2.988424  0.000e+00
    897.000     41.315     3.7906     41.703   2.988375  0.000e+00
    897.250     41.307     3.7906     41.694   2.988399  0.000e+00
    897.500     41.294     3.7906     41.681   2.988399  0.000e+00
    897.750     41.291     3.7906     41.678   2.988375  0.000e+00
    898.000     41.306     3.7905     41.693   2.988375  0.000e+00
    898.250     41.288     3.7905     41.675   2.988399  0.000e+00
    898.500     41.294     3.7905     41.681   2.988399  0.000e+00
    898.750     41.282     3.7905     41.669   2.988375  0.000e+00
    899.000     41.279     3.7905     41.666   2.988375  0.000e+00
    899.250     41.264     3.7905     41.651   2.988375  0.000e+00
    899.500     41.261     3.7905     41.648   2.988375  0.000e+00
    899.750     41.267     3.7905     41.654   2.988375  0.000e+00
    900.000     41.252     3.7903     41.638   2.988375  0.000e+00
    900.250     41.264     3.7903     41.651   2.988399  0.000e+00
    900.500     41.270     3.7903     41.657   2.988399  0.000e+00
    900.750     41.273     3.7902     41.660   2.988399  0.000e+00
    901.000     41.285     3.7904     41.672   2.988399  0.000e+00
    901.250     41.279     3.7903     41.666   2.988375  0.000e+00
    901.500     41.279     3.7904     41.666   2.988399  0.000e+00
    901.750     41.291     3.7905     41.678   2.988399  0.000e+00
    902.000     41.282     3.7905     41.669   2.988399  0.000e+00
    902.250     41.276     3.7906     41.663   2.988399  0.000e+00
    902.500     41.279     3.7905     41.666   2.988399  0.000e+00
    902.750     41.279     3.7905     41.666   2.988424  0.000e+00
    903.000     41.282     3.7905     41.669   2.988399  0.000e+00
    903.250     41.285     3.7906     41.672   2.988399  0.000e+00
    903.500     41.279     3.7907     41.666   2.988399  0.000e+00
    903.750     41.279     3.7905     41.666   2.988399  0.000e+00
    904.000     41.273     3.7905     41.660   2.988375  0.000e+00
    904.250     41.264     3.7905     41.651   2.988399  0.000e+00
    904.500     41.252     3.7905     41.639   2.988399  0.000e+00
    904.750     41.255     3.7905     41.642   2.988399  0.000e+00
    905.000     41.231     3.7905     41.617   2.988399  0.000e+00
    905.250     41.213     3.7905     41.599   2.988399  0.000e+00
    905.500     41.207     3.7904     41.593   2.988399  0.000e+00
    905.750     41.207     3.7904     41.593   2.988399  0.000e+00
    906.000     41.213     3.7905     41.599   2.988375  0.000e+00
    906.250     41.213     3.7905     41.599   2.988399  0.000e+00
    906.500     41.210     3.7905     41.596   2.988375  0.000e+00
    906.750     41.225     3.7904     41.611   2.988399  0.000e+00
    907.000     41.249     3.7906     41.636   2.988375  0.000e+00
    907.250     41.258     3.7905     41.645   2.988399  0.000e+00
    907.500     41.288     3.7905     41.675   2.988424  0.000e+00
    907.750     41.300     3.7906     41.687   2.988399  0.000e+00
    908.000     41.313     3.7905     41.700   2.988375  0.000e+00
    908.250     41.334     3.7905     41.721   2.988399  0.000e+00
    908.500     41.334     3.7906     41.721   2.988424  0.000e+00
    908.750     41.334     3.7905     41.721   2.988399  0.000e+00
    909.000     41.318     3.7905     41.706   2.988424  0.000e+00
    909.250     41.315     3.7905     41.703   2.988399  0.000e+00
    909.500     41.297     3.7904     41.684   2.988375  0.000e+00
    909.750     41.285     3.7904     41.672   2.988356  0.000e+00
    910.000     41.270     3.7904     41.657   2.988399  0.000e+00
    910.250     41.261     3.7904     41.648   2.988424  0.000e+00
    910.500     41.261     3.7904     41.648   2.988399  0.000e+00
    910.750     41.264     3.7904     41.651   2.988424  0.000e+00
    911.000     41.276     3.7904     41.663   2.988399  0.000e+00
    911.250     41.289     3.7902     41.675   2.988424  0.000e+00
    911.500     41.304     3.7904     41.691   2.988399  0.000e+00
    911.750     41.301     3.7904     41.688   2.988399  0.000e+00
    912.000     41.313     3.7904     41.700   2.988399  0.000e+00
    912.250     41.316     3.7904     41.703   2.988424  0.000e+00
    912.500     41.325     3.7904     41.712   2.988399  0.000e+00
    912.750     41.325     3.7905     41.712   2.988424  0.000e+00
    913.000     41.310     3.7905     41.697   2.988399  0.000e+00
    913.250     41.304     3.7905     41.691   2.988375  0.000e+00
    913.500     41.292     3.7905     41.679   2.988424  0.000e+00
    913.750     41.289     3.7905     41.676   2.988399  0.000e+00
    914.000     41.286     3.7906     41.673   2.988424  0.000e+00
    914.250     41.280     3.7905     41.667   2.988375  0.000e+00
    914.500     41.277     3.7905     41.664   2.988375  0.000e+00
    914.750     41.271     3.7905     41.657   2.988424  0.000e+00
    915.000     41.277     3.7905     41.663   2.988375  0.000e+00
    915.250     41.280     3.7905     41.667   2.988424  0.000e+00
    915.500     41.283     3.7906     41.669   2.988424  0.000e+00
    915.750     41.286     3.7904     41.673   2.988399  0.000e+00
    916.000     41.292     3.7905     41.679   2.988424  0.000e+00
    916.250     41.295     3.7905     41.682   2.988424  0.000e+00
    916.500     41.295     3.7905     41.682   2.988399  0.000e+00
    916.750     41.301     3.7906     41.688   2.988424  0.000e+00
    917.000     41.301     3.7905     41.688   2.988424  0.000e+00
    917.250     41.319     3.7906     41.706   2.988424  0.000e+00
    917.500     41.304     3.7904     41.691   2.988424  0.000e+00
    917.750     41.316     3.7904     41.703   2.988424  0.000e+00
    918.000     41.313     3.7905     41.700   2.988424  0.000e+00
    918.250     41.316     3.7904     41.703   2.988375  0.000e+00
    918.500     41.304     3.7905     41.691   2.988399  0.000e+00
    918.750     41.295     3.7904     41.682   2.988375  0.000e+00
    919.000     41.295     3.7904     41.682   2.988399  0.000e+00
    919.250     41.292     3.7904     41.679   2.988399  0.000e+00
    919.500     41.310     3.7904     41.697   2.988424  0.000e+00
    919.750     41.301     3.7904     41.688   2.988399  0.000e+00
    920.000     41.313     3.7904     41.700   2.988399  0.000e+00
    920.250     41.319     3.7904     41.706   2.988399  0.000e+00
    920.500     41.322     3.7904     41.709   2.988424  0.000e+00
    920.750     41.325     3.7904     41.712   2.988424  0.000e+00
    921.000     41.337     3.7903     41.725   2.988399  0.000e+00
    921.250     41.340     3.7902     41.728   2.988399  0.000e+00
    921.500     41.343     3.7904     41.731   2.988424  0.000e+00
    921.750     41.346     3.7903     41.734   2.988424  0.000e+00
    922.000     41.355     3.7904     41.743   2.988424  0.000e+00
    922.250     41.355     3.7904     41.743   2.988424  0.000e+00
    922.500     41.364     3.7904     41.752   2.988424  0.000e+00
    922.750     41.374     3.7904     41.761   2.988424  0.000e+00
    923.000     41.368     3.7904     41.755   2.988375  0.000e+00
    923.250     41.349     3.7903     41.737   2.988424  0.000e+00
    923.500     41.349     3.7903     41.737   2.988424  0.000e+00
    923.750     41.328     3.7903     41.715   2.988399  0.000e+00
    924.000     41.313     3.7904     41.700   2.988375  0.000e+00
    924.250     41.313     3.7903     41.700   2.988399  0.000e+00
    924.500     41.301     3.7902     41.688   2.988399  0.000e+00
    924.750     41.289     3.7902     41.676   2.988424  0.000e+00
    925.000     41.289     3.7903     41.676   2.988424  0.000e+00
    925.250     41.307     3.7902     41.694   2.988424  0.000e+00
    925.500     41.316     3.7904     41.703   2.988399  0.000e+00
    925.750     41.319     3.7904     41.706   2.988424  0.000e+00
    926.000     41.331     3.7905     41.719   2.988443  0.000e+00
    926.250     41.343     3.7904     41.731   2.988424  0.000e+00
    926.500     41.340     3.7904     41.728   2.988424  0.000e+00
    926.750     41.349     3.7905     41.737   2.988424  0.000e+00
    927.000     41.365     3.7904     41.752   2.988424  0.000e+00
    927.250     41.352     3.7905     41.740   2.988424  0.000e+00
    927.500     41.334     3.7906     41.722   2.988424  0.000e+00
    927.750     41.331     3.7905     41.719   2.988424  0.000e+00
    928.000     41.319     3.7905     41.706   2.988443  0.000e+00
    928.250     41.313     3.7905     41.700   2.988399  0.000e+00
    928.500     41.316     3.7905     41.703   2.988399  0.000e+00
    928.750     41.316     3.7906     41.703   2.988399  0.000e+00
    929.000     41.298     3.7906     41.685   2.988399  0.000e+00
    929.250     41.307     3.7907     41.694   2.988399  0.000e+00
    929.500     41.313     3.7906     41.700   2.988424  0.000e+00
    929.750     41.316     3.7905     41.703   2.988424  0.000e+00
    930.000     41.350     3.7905     41.737   2.988424  0.000e+00
    930.250     41.341     3.7905     41.728   2.988424  0.000e+00
    930.500     41.350     3.7905     41.737   2.988424  0.000e+00
    930.750     41.362     3.7906     41.749   2.988375  0.000e+00
    931.000     41.374     3.7906     41.762   2.988424  0.000e+00
    931.250     41.368     3.7905     41.755   2.988424  0.000e+00
    931.500     41.371     3.7906     41.759   2.988424  0.000e+00
    931.750     41.362     3.7905     41.749   2.988331  0.000e+00
    932.000     41.380     3.7904     41.768   2.988399  0.000e+00
    932.250     41.365     3.7905     41.752   2.988424  0.000e+00
    932.500     41.377     3.7904     41.764   2.988399  0.000e+00
    932.750     41.374     3.7904     41.761   2.988399  0.000e+00
    933.000     41.361     3.7904     41.749   2.988375  0.000e+00
    933.250     41.361     3.7905     41.749   2.988375  0.000e+00
    933.500     41.364     3.7904     41.752   2.988424  0.000e+00
    933.750     41.358     3.7904     41.746   2.988399  0.000e+00
    934.000     41.346     3.7904     41.734   2.988424  0.000e+00
    934.250     41.334     3.7904     41.721   2.988424  0.000e+00
    934.500     41.319     3.7904     41.706   2.988424  0.000e+00
    934.750     41.310     3.7905     41.697   2.988424  0.000e+00
    935.000     41.301     3.7904     41.688   2.988424  0.000e+00
    935.250     41.313     3.7905     41.700   2.988399  0.000e+00
    935.500     41.313     3.7904     41.700   2.988424  0.000e+00
    935.750     41.325     3.7903     41.712   2.988424  0.000e+00
    936.000     41.334     3.7904     41.722   2.988424  0.000e+00
    936.250     41.352     3.7904     41.740   2.988424  0.000e+00
    936.500     41.362     3.7904     41.749   2.988443  0.000e+00
    936.750     41.352     3.7902     41.740   2.988424  0.000e+00
    937.000     41.352     3.7902     41.740   2.988288  0.000e+00
    937.250     41.374     3.7903     41.761   2.988424  0.000e+00
    937.500     41.368     3.7903     41.755   2.988424  0.000e+00
    937.750     41.374     3.7903     41.761   2.988424  0.000e+00
    938.000     41.374     3.7904     41.761   2.988424  0.000e+00
    938.250     41.359     3.7903     41.746   2.988424  0.000e+00
    938.500     41.346     3.7904     41.734   2.988399  0.000e+00
    938.750     41.340     3.7904     41.728   2.988399  0.000e+00
    939.000     41.331     3.7904     41.719   2.988424  0.000e+00
    939.250     41.340     3.7904     41.728   2.988399  0.000e+00
    939.500     41.334     3.7902     41.722   2.988399  0.000e+00
    939.750     41.331     3.7902     41.719   2.988424  0.000e+00
    940.000     41.343     3.7901     41.731   2.988399  0.000e+00
    940.250     41.340     3.7900     41.728   2.988375  0.000e+00
    940.500     41.346     3.7900     41.734   2.988375  0.000e+00
    940.750     41.346     3.7899     41.734   2.988375  0.000e+00
    941.000     41.340     3.7899     41.728   2.988375  0.000e+00
    941.250     41.349     3.7898     41.737   2.988399  0.000e+00
    941.500     41.340     3.7898     41.728   2.988424  0.000e+00
    941.750     41.344     3.7899     41.731   2.988375  0.000e+00
    942.000     41.340     3.7900     41.728   2.988399  0.000e+00
    942.250     41.346     3.7900     41.734   2.988424  0.000e+00
    942.500     41.347     3.7902     41.734   2.988424  0.000e+00
    942.750     41.341     3.7902     41.728   2.988424  0.000e+00
    943.000     41.356     3.7902     41.743   2.988443  0.000e+00
    943.250     41.365     3.7902     41.752   2.988443  0.000e+00
    943.500     41.371     3.7902     41.758   2.988424  0.000e+00
    943.750     41.386     3.7903     41.774   2.988443  0.000e+00
    944.000     41.386     3.7902     41.774   2.988424  0.000e+00
    944.250     41.395     3.7903     41.783   2.988424  0.000e+00
    944.500     41.383     3.7902     41.771   2.988443  0.000e+00
    944.750     41.392     3.7903     41.780   2.988443  0.000e+00
    945.000     41.389     3.7903     41.777   2.988399  0.000e+00
    945.250     41.368     3.7902     41.755   2.988424  0.000e+00
    945.500     41.365     3.7902     41.752   2.988424  0.000e+00
    945.750     41.371     3.7902     41.758   2.988399  0.000e+00
    946.000     41.344     3.7902     41.731   2.988424  0.000e+00
    946.250     41.329     3.7902     41.716   2.988424  0.000e+00
    946.500     41.316     3.7902     41.703   2.988424  0.000e+00
    946.750     41.307     3.7902     41.694   2.988424  0.000e+00
    947.000     41.295     3.7901     41.682   2.988424  0.000e+00
    947.250     41.301     3.7902     41.688   2.988424  0.000e+00
    947.500     41.307     3.7901     41.695   2.988424  0.000e+00
    947.750     41.301     3.7901     41.688   2.988399  0.000e+00
    948.000     41.320     3.7902     41.707   2.988424  0.000e+00
    948.250     41.326     3.7901     41.713   2.988399  0.000e+00
    948.500     41.329     3.7902     41.716   2.988424  0.000e+00
    948.750     41.335     3.7902     41.722   2.988424  0.000e+00
    949.000     41.362     3.7901     41.750   2.988424  0.000e+00
    949.250     41.368     3.7902     41.756   2.988424  0.000e+00
    949.500     41.377     3.7902     41.765   2.988443  0.000e+00
    949.750     41.392     3.7901     41.780   2.988424  0.000e+00
    950.000     41.398     3.7902     41.786   2.988424  0.000e+00
    950.250     41.407     3.7902     41.795   2.988399  0.000e+00
    950.500     41.398     3.7902     41.786   2.988424  0.000e+00
    950.750     41.401     3.7901     41.789   2.988424  0.000e+00
    951.000     41.395     3.7901     41.783   2.988424  0.000e+00
    951.250     41.398     3.7902     41.786   2.988399  0.000e+00
    951.500     41.383     3.7901     41.771   2.988443  0.000e+00
    951.750     41.389     3.7901     41.777   2.988443  0.000e+00
    952.000     41.374     3.7902     41.762   2.988443  0.000e+00
    952.250     41.383     3.7902     41.771   2.988424  0.000e+00
    952.500     41.380     3.7901     41.768   2.988424  0.000e+00
    952.750     41.365     3.7901     41.753   2.988424  0.000e+00
    953.000     41.368     3.7900     41.756   2.988424  0.000e+00
    953.250     41.341     3.7901     41.728   2.988424  0.000e+00
    953.500     41.353     3.7902     41.740   2.988443  0.000e+00
    953.750     41.344     3.7902     41.731   2.988424  0.000e+00
    954.000     41.335     3.7901     41.722   2.988443  0.000e+00
    954.250     41.323     3.7902     41.710   2.988424  0.000e+00
    954.500     41.314     3.7901     41.701   2.988399  0.000e+00
    954.750     41.326     3.7901     41.713   2.988443  0.000e+00
