docs/reference/2021_06_13_0003_raw.cnv
* Sea-Bird SBE19plus  Data File:
* FileName = C:\CTD\202101_162_L1\2021_06_13\2021_06_13_0003.hex
* Software version 2.8.0.119
* Temperature SN = 8102
* Conductivity SN = 8102
* System UpLoad Time = Jun 13 2021 15:50:38
* <ApplicationData>
* <Seaterm232>
# nquan = 6
# nvalues = 10409                                 
# units = specified
# name 0 = timeS: Time, Elapsed [seconds]
# name 1 = depSM: Depth [salt water, m], lat = 57.00
# name 2 = tv290C: Temperature [ITS-90, deg C]
# name 3 = prdM: Pressure, Strain Gauge [db]
# name 4 = c0S/m: Conductivity [S/m]
# name 5 = flag:  0.000e+00
# span 0 =      0.000,   2602.000                 
# span 1 =     -0.252,     42.466                 
# span 2 =     3.7522,     5.5933                 
# span 3 =     -0.254,     42.864                 
# span 4 =   0.000130,   3.046439                 
# span 5 = 0.0000e+00, 0.0000e+00                 
# interval = seconds: 0.25
# start_time = Jun 13 2021 12:13:29 [Instrument's time stamp, header]
# bad_flag = -9.990e-29
*END*
[from data line 1433]
    358.250     35.858     3.7839     36.194   2.986542  0.000e+00
    358.500     35.910     3.7838     36.246   2.986542  0.000e+00
    358.750     35.943     3.7837     36.279   2.986542  0.000e+00
    359.000     35.970     3.7839     36.307   2.986567  0.000e+00
    359.250     36.012     3.7840     36.349   2.986567  0.000e+00
    359.500     36.079     3.7839     36.417   2.986567  0.000e+00
    359.750     36.106     3.7838     36.444   2.986474  0.000e+00
    360.000     36.170     3.7837     36.508   2.986567  0.000e+00
    360.250     36.236     3.7839     36.575   2.986585  0.000e+00
    360.500     36.272     3.7838     36.612   2.986585  0.000e+00
    360.750     36.345     3.7839     36.685   2.986567  0.000e+00
    361.000     36.412     3.7838     36.752   2.986567  0.000e+00
    361.250     36.451     3.7837     36.792   2.986585  0.000e+00
    361.500     36.502     3.7837     36.844   2.986567  0.000e+00
    361.750     36.560     3.7836     36.902   2.986585  0.000e+00
    362.000     36.605     3.7836     36.948   2.986585  0.000e+00
    362.250     36.648     3.7835     36.991   2.986585  0.000e+00
    362.500     36.696     3.7835     37.039   2.986585  0.000e+00
    362.750     36.750     3.7834     37.094   2.986585  0.000e+00
    363.000     36.814     3.7834     37.158   2.986585  0.000e+00
    363.250     36.844     3.7834     37.189   2.986585  0.000e+00
    363.500     36.899     3.7834     37.244   2.986585  0.000e+00
    363.750     36.941     3.7834     37.287   2.986585  0.000e+00
    364.000     36.995     3.7834     37.342   2.986610  0.000e+00
    364.250     37.026     3.7835     37.372   2.986585  0.000e+00
    364.500     37.068     3.7835     37.415   2.986610  0.000e+00
    364.750     37.113     3.7836     37.461   2.986610  0.000e+00
    365.000     37.153     3.7836     37.500   2.986635  0.000e+00
    365.250     37.195     3.7836     37.543   2.986635  0.000e+00
    365.500     37.240     3.7835     37.589   2.986635  0.000e+00
    365.750     37.262     3.7835     37.610   2.986653  0.000e+00
    366.000     37.313     3.7836     37.662   2.986654  0.000e+00
    366.250     37.352     3.7836     37.702   2.986654  0.000e+00
    366.500     37.395     3.7835     37.745   2.986654  0.000e+00
    366.750     37.425     3.7837     37.775   2.986654  0.000e+00
    367.000     37.452     3.7836     37.803   2.986635  0.000e+00
    367.250     37.507     3.7836     37.858   2.986610  0.000e+00
    367.500     37.552     3.7835     37.903   2.986635  0.000e+00
    367.750     37.597     3.7835     37.949   2.986678  0.000e+00
    368.000     37.640     3.7836     37.992   2.986654  0.000e+00
    368.250     37.673     3.7835     38.026   2.986678  0.000e+00
    368.500     37.727     3.7835     38.081   2.986678  0.000e+00
    368.750     37.776     3.7835     38.129   2.986697  0.000e+00
    369.000     37.842     3.7836     38.197   2.986722  0.000e+00
    369.250     37.866     3.7835     38.221   2.986697  0.000e+00
    369.500     37.915     3.7835     38.270   2.986678  0.000e+00
    369.750     37.966     3.7835     38.322   2.986697  0.000e+00
    370.000     38.009     3.7836     38.365   2.986697  0.000e+00
    370.250     38.024     3.7835     38.380   2.986722  0.000e+00
    370.500     38.072     3.7836     38.429   2.986697  0.000e+00
    370.750     38.102     3.7835     38.459   2.986678  0.000e+00
    371.000     38.127     3.7836     38.484   2.986722  0.000e+00
    371.250     38.145     3.7835     38.502   2.986722  0.000e+00
    371.500     38.157     3.7835     38.514   2.986697  0.000e+00
    371.750     38.187     3.7836     38.545   2.986722  0.000e+00
    372.000     38.214     3.7835     38.572   2.986722  0.000e+00
    372.250     38.257     3.7837     38.615   2.986722  0.000e+00
    372.500     38.311     3.7836     38.670   2.986747  0.000e+00
    372.750     38.347     3.7837     38.707   2.986747  0.000e+00
    373.000     38.402     3.7837     38.762   2.986747  0.000e+00
    373.250     38.447     3.7837     38.807   2.986747  0.000e+00
    373.500     38.493     3.7837     38.853   2.986765  0.000e+00
    373.750     38.544     3.7837     38.905   2.986765  0.000e+00
    374.000     38.581     3.7837     38.942   2.986747  0.000e+00
    374.250     38.620     3.7838     38.981   2.986747  0.000e+00
    374.500     38.671     3.7839     39.034   2.986747  0.000e+00
    374.750     38.702     3.7838     39.064   2.986765  0.000e+00
    375.000     38.714     3.7838     39.076   2.986722  0.000e+00
    375.250     38.753     3.7839     39.116   2.986765  0.000e+00
    375.500     38.792     3.7838     39.156   2.986765  0.000e+00
    375.750     38.798     3.7838     39.162   2.986833  0.000e+00
    376.000     38.823     3.7839     39.186   2.986833  0.000e+00
    376.250     38.841     3.7839     39.204   2.986790  0.000e+00
    376.500     38.865     3.7839     39.229   2.986790  0.000e+00
    376.750     38.892     3.7837     39.256   2.986765  0.000e+00
    377.000     38.925     3.7839     39.290   2.986790  0.000e+00
    377.250     38.968     3.7840     39.333   2.986790  0.000e+00
    377.500     38.992     3.7839     39.357   2.986765  0.000e+00
    377.750     39.028     3.7839     39.393   2.986790  0.000e+00
    378.000     39.070     3.7839     39.436   2.986790  0.000e+00
    378.250     39.104     3.7838     39.470   2.986790  0.000e+00
    378.500     39.146     3.7839     39.512   2.986815  0.000e+00
    378.750     39.185     3.7839     39.552   2.986833  0.000e+00
    379.000     39.221     3.7839     39.589   2.986833  0.000e+00
    379.250     39.264     3.7841     39.631   2.986858  0.000e+00
    379.500     39.276     3.7840     39.644   2.986877  0.000e+00
    379.750     39.303     3.7841     39.671   2.986877  0.000e+00
    380.000     39.324     3.7841     39.693   2.986858  0.000e+00
    380.250     39.339     3.7841     39.708   2.986815  0.000e+00
    380.500     39.354     3.7840     39.723   2.986815  0.000e+00
    380.750     39.370     3.7840     39.738   2.986833  0.000e+00
    381.000     39.376     3.7841     39.744   2.986858  0.000e+00
    381.250     39.388     3.7841     39.757   2.986877  0.000e+00
    381.500     39.427     3.7841     39.796   2.986858  0.000e+00
    381.750     39.469     3.7841     39.839   2.986877  0.000e+00
    382.000     39.479     3.7842     39.848   2.986902  0.000e+00
    382.250     39.509     3.7841     39.879   2.986877  0.000e+00
    382.500     39.548     3.7842     39.918   2.986877  0.000e+00
    382.750     39.593     3.7841     39.964   2.986902  0.000e+00
    383.000     39.633     3.7841     40.004   2.986877  0.000e+00
    383.250     39.666     3.7841     40.038   2.986902  0.000e+00
    383.500     39.702     3.7841     40.074   2.986902  0.000e+00
    383.750     39.736     3.7841     40.108   2.986858  0.000e+00
    384.000     39.730     3.7842     40.102   2.986877  0.000e+00
    384.250     39.769     3.7842     40.142   2.986902  0.000e+00
    384.500     39.763     3.7842     40.136   2.986877  0.000e+00
    384.750     39.772     3.7842     40.145   2.986877  0.000e+00
    385.000     39.781     3.7841     40.154   2.986858  0.000e+00
    385.250     39.793     3.7841     40.166   2.986877  0.000e+00
    385.500     39.799     3.7841     40.172   2.986902  0.000e+00
    385.750     39.818     3.7842     40.191   2.986902  0.000e+00
    386.000     39.827     3.7842     40.200   2.986926  0.000e+00
    386.250     39.833     3.7842     40.206   2.986926  0.000e+00
    386.500     39.863     3.7843     40.236   2.986902  0.000e+00
    386.750     39.890     3.7843     40.264   2.986926  0.000e+00
    387.000     39.942     3.7842     40.316   2.986945  0.000e+00
    387.250     39.975     3.7842     40.349   2.986815  0.000e+00
    387.500     40.035     3.7842     40.410   2.986877  0.000e+00
    387.750     40.057     3.7842     40.432   2.986877  0.000e+00
    388.000     40.084     3.7842     40.459   2.986877  0.000e+00
    388.250     40.102     3.7842     40.477   2.986902  0.000e+00
    388.500     40.132     3.7841     40.508   2.986927  0.000e+00
    388.750     40.141     3.7843     40.517   2.986945  0.000e+00
    389.000     40.159     3.7843     40.535   2.986970  0.000e+00
    389.250     40.171     3.7843     40.548   2.986970  0.000e+00
    389.500     40.168     3.7843     40.545   2.986945  0.000e+00
    389.750     40.195     3.7844     40.572   2.986970  0.000e+00
    390.000     40.189     3.7844     40.566   2.986927  0.000e+00
    390.250     40.228     3.7844     40.605   2.986970  0.000e+00
    390.500     40.244     3.7843     40.621   2.986945  0.000e+00
    390.750     40.286     3.7843     40.663   2.986970  0.000e+00
    391.000     40.304     3.7843     40.682   2.986970  0.000e+00
    391.250     40.331     3.7844     40.709   2.986970  0.000e+00
    391.500     40.365     3.7845     40.743   2.986970  0.000e+00
    391.750     40.371     3.7843     40.749   2.986945  0.000e+00
    392.000     40.389     3.7843     40.767   2.986945  0.000e+00
    392.250     40.389     3.7843     40.767   2.986970  0.000e+00
    392.500     40.413     3.7844     40.791   2.986970  0.000e+00
    392.750     40.425     3.7844     40.804   2.986970  0.000e+00
    393.000     40.437     3.7843     40.816   2.986945  0.000e+00
    393.250     40.443     3.7845     40.822   2.986988  0.000e+00
    393.500     40.455     3.7843     40.834   2.986945  0.000e+00
    393.750     40.471     3.7844     40.850   2.986970  0.000e+00
    394.000     40.492     3.7846     40.871   2.986970  0.000e+00
    394.250     40.519     3.7845     40.899   2.986970  0.000e+00
    394.500     40.531     3.7843     40.911   2.986970  0.000e+00
    394.750     40.534     3.7845     40.914   2.986970  0.000e+00
    395.000     40.561     3.7845     40.942   2.986988  0.000e+00
    395.250     40.555     3.7845     40.935   2.986988  0.000e+00
    395.500     40.561     3.7843     40.942   2.986970  0.000e+00
    395.750     40.589     3.7845     40.969   2.986989  0.000e+00
    396.000     40.598     3.7844     40.978   2.986970  0.000e+00
    396.250     40.580     3.7845     40.960   2.986945  0.000e+00
    396.500     40.598     3.7845     40.978   2.986970  0.000e+00
    396.750     40.604     3.7844     40.984   2.986989  0.000e+00
    397.000     40.622     3.7845     41.003   2.987013  0.000e+00
    397.250     40.631     3.7845     41.012   2.986989  0.000e+00
    397.500     40.643     3.7845     41.024   2.986989  0.000e+00
    397.750     40.655     3.7846     41.036   2.986989  0.000e+00
    398.000     40.679     3.7846     41.061   2.986989  0.000e+00
    398.250     40.692     3.7846     41.073   2.987013  0.000e+00
    398.500     40.707     3.7845     41.088   2.987013  0.000e+00
    398.750     40.743     3.7846     41.125   2.986989  0.000e+00
    399.000     40.755     3.7846     41.137   2.986989  0.000e+00
    399.250     40.783     3.7846     41.165   2.987013  0.000e+00
    399.500     40.813     3.7846     41.195   2.987038  0.000e+00
    399.750     40.837     3.7847     41.220   2.987038  0.000e+00
    400.000     40.852     3.7846     41.235   2.987013  0.000e+00
    400.250     40.864     3.7846     41.247   2.987038  0.000e+00
    400.500     40.871     3.7847     41.254   2.987038  0.000e+00
    400.750     40.895     3.7846     41.278   2.987013  0.000e+00
    401.000     40.964     3.7847     41.348   2.987038  0.000e+00
    401.250     40.998     3.7847     41.382   2.987013  0.000e+00
    401.500     41.022     3.7848     41.406   2.987038  0.000e+00
    401.750     41.058     3.7847     41.443   2.987038  0.000e+00
    402.000     41.082     3.7847     41.467   2.987038  0.000e+00
    402.250     41.112     3.7847     41.498   2.987038  0.000e+00
    402.500     41.076     3.7846     41.461   2.987013  0.000e+00
    402.750     41.031     3.7847     41.415   2.987038  0.000e+00
    403.000     41.040     3.7846     41.424   2.987038  0.000e+00
    403.250     41.034     3.7846     41.418   2.987013  0.000e+00
    403.500     41.028     3.7845     41.412   2.987013  0.000e+00
    403.750     41.016     3.7846     41.400   2.987013  0.000e+00
    404.000     41.015     3.7846     41.400   2.987013  0.000e+00
    404.250     41.006     3.7846     41.391   2.987013  0.000e+00
    404.500     41.003     3.7846     41.388   2.987013  0.000e+00
    404.750     41.006     3.7846     41.391   2.987038  0.000e+00
    405.000     40.997     3.7846     41.382   2.987057  0.000e+00
    405.250     40.997     3.7847     41.382   2.987057  0.000e+00
    405.500     40.988     3.7846     41.373   2.987057  0.000e+00
    405.750     40.991     3.7847     41.376   2.987038  0.000e+00
    406.000     40.982     3.7847     41.366   2.987038  0.000e+00
    406.250     40.979     3.7847     41.363   2.987057  0.000e+00
    406.500     41.025     3.7848     41.409   2.987057  0.000e+00
    406.750     41.028     3.7847     41.412   2.986970  0.000e+00
    407.000     41.034     3.7848     41.418   2.987038  0.000e+00
    407.250     41.079     3.7847     41.464   2.987057  0.000e+00
    407.500     41.097     3.7847     41.482   2.987057  0.000e+00
    407.750     41.113     3.7848     41.498   2.987081  0.000e+00
    408.000     41.125     3.7848     41.510   2.987057  0.000e+00
    408.250     41.125     3.7849     41.510   2.987013  0.000e+00
    408.500     41.149     3.7847     41.534   2.987057  0.000e+00
    408.750     41.155     3.7848     41.540   2.987057  0.000e+00
    409.000     41.203     3.7848     41.589   2.987081  0.000e+00
    409.250     41.243     3.7849     41.629   2.987100  0.000e+00
    409.500     41.243     3.7849     41.629   2.987081  0.000e+00
    409.750     41.273     3.7849     41.660   2.987100  0.000e+00
    410.000     41.306     3.7850     41.693   2.987100  0.000e+00
    410.250     41.309     3.7849     41.696   2.987125  0.000e+00
    410.500     41.342     3.7849     41.730   2.987100  0.000e+00
    410.750     41.357     3.7851     41.745   2.987125  0.000e+00
    411.000     41.348     3.7851     41.736   2.987100  0.000e+00
    411.250     41.351     3.7851     41.739   2.987125  0.000e+00
    411.500     41.379     3.7851     41.766   2.987125  0.000e+00
    411.750     41.376     3.7850     41.763   2.987125  0.000e+00
    412.000     41.379     3.7851     41.766   2.987125  0.000e+00
    412.250     41.379     3.7852     41.766   2.987150  0.000e+00
    412.500     41.373     3.7851     41.760   2.987100  0.000e+00
    412.750     41.388     3.7851     41.776   2.987100  0.000e+00
    413.000     41.394     3.7851     41.782   2.987100  0.000e+00
    413.250     41.382     3.7851     41.769   2.987100  0.000e+00
    413.500     41.400     3.7851     41.788   2.987125  0.000e+00
    413.750     41.369     3.7851     41.757   2.987100  0.000e+00
    414.000     41.370     3.7851     41.757   2.987100  0.000e+00
    414.250     41.366     3.7851     41.754   2.987125  0.000e+00
    414.500     41.363     3.7852     41.751   2.987100  0.000e+00
    414.750     41.355     3.7851     41.742   2.987125  0.000e+00
    415.000     41.358     3.7852     41.745   2.987057  0.000e+00
    415.250     41.367     3.7851     41.754   2.987100  0.000e+00
    415.500     41.382     3.7850     41.770   2.987100  0.000e+00
    415.750     41.373     3.7849     41.760   2.987100  0.000e+00
    416.000     41.391     3.7850     41.779   2.987082  0.000e+00
    416.250     41.397     3.7849     41.785   2.987100  0.000e+00
    416.500     41.424     3.7850     41.812   2.987125  0.000e+00
    416.750     41.424     3.7851     41.812   2.987100  0.000e+00
    417.000     41.415     3.7851     41.803   2.987125  0.000e+00
    417.250     41.430     3.7852     41.818   2.987125  0.000e+00
    417.500     41.430     3.7851     41.818   2.987150  0.000e+00
