docs/reference/2021_06_13_0003.cnv
* Sea-Bird SBE19plus  Data File:
* FileName = C:\CTD\202101_162_L1\2021_06_13\2021_06_13_0003.hex
* Software version 2.8.0.119
* Temperature SN = 8102
* Conductivity SN = 8102
* System UpLoad Time = Jun 13 2021 15:50:38
* <ApplicationData>
* <Seaterm232>
# nquan = 5
# nvalues = 10408
# units = specified
# name 1 = timeS: Time, Elapsed [seconds]
# name 2 = tv290C: Temperature [ITS-90, deg C]
# name 3 = prdM: Pressure, Strain Gauge [db]
# name 4 = c0S/m: Conductivity [S/m]
# name 5 = flag:  0.000e+00
# span 1 =          0,    2601.75
# span 2 =     3.7522,     5.5933
# span 3 =     -0.254,     42.864
# span 4 =    0.00013,   3.046439
# span 5 =          0,          0
# interval = seconds: 0.25
# start_time = Jun 13 2021 12:13:29 [Instrument's time stamp, header]
# bad_flag = -9.990e-29
*END*
[from data line 10286]
   2571.500     4.5278     -0.067   3.005216        0.0
   2571.750     4.5278     -0.091   3.033927        0.0
   2572.000     4.5276     -0.134   3.043423        0.0
   2572.250     4.5274     -0.110   3.037637        0.0
   2572.500     4.5273     -0.082   3.035247        0.0
   2572.750     4.5273     -0.085   3.045454        0.0
   2573.000     4.5271     -0.109   3.033840        0.0
   2573.250     4.5270     -0.152   0.880112        0.0
   2573.500     4.5288     -0.186   0.558259        0.0
   2573.750     4.5318     -0.198   0.482944        0.0
   2574.000     4.5325     -0.204   0.438565        0.0
   2574.250     4.5326     -0.201   0.417332        0.0
   2574.500     4.5324     -0.207   0.391798        0.0
   2574.750     4.5325     -0.186   0.358561        0.0
   2575.000     4.5324     -0.174   0.331074        0.0
   2575.250     4.5324     -0.143   0.310295        0.0
   2575.500     4.5323     -0.198   0.279576        0.0
   2575.750     4.5322     -0.207   0.263877        0.0
   2576.000     4.5321     -0.198   0.255966        0.0
   2576.250     4.5322     -0.207   0.239736        0.0
   2576.500     4.5321     -0.201   0.224312        0.0
   2576.750     4.5321     -0.204   0.206625        0.0
   2577.000     4.5321     -0.201   0.200440        0.0
   2577.250     4.5320     -0.207   0.193215        0.0
   2577.500     4.5319     -0.198   0.193378        0.0
   2577.750     4.5319     -0.198   0.185330        0.0
   2578.000     4.5324     -0.207   0.166088        0.0
   2578.250     4.5342     -0.207   0.149914        0.0
   2578.500     4.5369     -0.201   0.148330        0.0
   2578.750     4.5397     -0.201   0.152587        0.0
   2579.000     4.5424     -0.198   0.146147        0.0
   2579.250     4.5452     -0.198   0.139723        0.0
   2579.500     4.5458     -0.183   0.174163        0.0
   2579.750     4.5456     -0.189   0.170603        0.0
   2580.000     4.5461     -0.192   0.145227        0.0
   2580.250     4.5478     -0.189   0.134592        0.0
   2580.500     4.5509     -0.189   0.123002        0.0
   2580.750     4.5564     -0.192   0.113716        0.0
   2581.000     4.5619     -0.189   0.109514        0.0
   2581.250     4.5667     -0.192   0.106616        0.0
   2581.500     4.5704     -0.198   0.094421        0.0
   2581.750     4.5730     -0.198   0.087784        0.0
   2582.000     4.5753     -0.198   0.085326        0.0
   2582.250     4.5800     -0.201   0.081180        0.0
   2582.500     4.5841     -0.198   0.085115        0.0
   2582.750     4.5867     -0.198   0.076993        0.0
   2583.000     4.5882     -0.201   0.063389        0.0
   2583.250     4.5879     -0.195   0.058373        0.0
   2583.500     4.5887     -0.192   0.062046        0.0
   2583.750     4.5901     -0.192   0.064668        0.0
   2584.000     4.5906     -0.198   0.067556        0.0
   2584.250     4.5900     -0.201   0.063728        0.0
   2584.500     4.5891     -0.198   0.056698        0.0
   2584.750     4.5881     -0.195   0.053557        0.0
   2585.000     4.5872     -0.192   0.055721        0.0
   2585.250     4.5863     -0.186   0.060234        0.0
   2585.500     4.5852     -0.189   0.064918        0.0
   2585.750     4.5842     -0.192   0.065097        0.0
   2586.000     4.5831     -0.186   0.063459        0.0
   2586.250     4.5822     -0.186   0.063853        0.0
   2586.500     4.5811     -0.189   0.064495        0.0
   2586.750     4.5801     -0.189   0.063722        0.0
   2587.000     4.5792     -0.189   0.063164        0.0
   2587.250     4.5784     -0.186   0.063033        0.0
   2587.500     4.5776     -0.189   0.061230        0.0
   2587.750     4.5767     -0.189   0.062831        0.0
   2588.000     4.5761     -0.183   0.060660        0.0
   2588.250     4.5756     -0.192   0.054986        0.0
   2588.500     4.5749     -0.189   0.049022        0.0
   2588.750     4.5744     -0.183   0.058107        0.0
   2589.000     4.5738     -0.192   0.059086        0.0
   2589.250     4.5733     -0.189   0.055906        0.0
   2589.500     4.5725     -0.186   0.056005        0.0
   2589.750     4.5718     -0.183   0.055558        0.0
   2590.000     4.5709     -0.183   0.054294        0.0
   2590.250     4.5702     -0.186   0.052453        0.0
   2590.500     4.5696     -0.177   0.053598        0.0
   2590.750     4.5690     -0.189   0.052192        0.0
   2591.000     4.5683     -0.189   0.049522        0.0
   2591.250     4.5676     -0.192   0.047304        0.0
   2591.500     4.5669     -0.183   0.045911        0.0
   2591.750     4.5664     -0.189   0.049611        0.0
   2592.000     4.5663     -0.186   0.051064        0.0
   2592.250     4.5658     -0.189   0.050175        0.0
   2592.500     4.5654     -0.193   0.048312        0.0
   2592.750     4.5648     -0.199   0.046903        0.0
   2593.000     4.5643     -0.192   0.045050        0.0
   2593.250     4.5638     -0.192   0.044920        0.0
   2593.500     4.5632     -0.195   0.045749        0.0
   2593.750     4.5628     -0.196   0.045994        0.0
   2594.000     4.5625     -0.193   0.046022        0.0
   2594.250     4.5620     -0.190   0.046226        0.0
   2594.500     4.5615     -0.196   0.047444        0.0
   2594.750     4.5612     -0.193   0.047921        0.0
   2595.000     4.5611     -0.199   0.048398        0.0
   2595.250     4.5609     -0.193   0.048328        0.0
   2595.500     4.5605     -0.196   0.044529        0.0
   2595.750     4.5600     -0.196   0.041082        0.0
   2596.000     4.5596     -0.196   0.040936        0.0
   2596.250     4.5591     -0.196   0.039608        0.0
   2596.500     4.5587     -0.199   0.037485        0.0
   2596.750     4.5583     -0.199   0.035308        0.0
   2597.000     4.5581     -0.196   0.034768        0.0
   2597.250     4.5576     -0.199   0.032944        0.0
   2597.500     4.5572     -0.199   0.036049        0.0
   2597.750     4.5567     -0.202   0.043430        0.0
   2598.000     4.5563     -0.196   0.046677        0.0
   2598.250     4.5560     -0.193   0.048236        0.0
   2598.500     4.5556     -0.196   0.047142        0.0
   2598.750     4.5552     -0.199   0.046824        0.0
   2599.000     4.5548     -0.195   0.047810        0.0
   2599.250     4.5546     -0.195   0.047161        0.0
   2599.500     4.5542     -0.186   0.046509        0.0
   2599.750     4.5538     -0.198   0.045768        0.0
   2600.000     4.5535     -0.195   0.045269        0.0
   2600.250     4.5531     -0.198   0.044691        0.0
   2600.500     4.5529     -0.201   0.043757        0.0
   2600.750     4.5527     -0.192   0.042700        0.0
   2601.000     4.5524     -0.195   0.041605        0.0
   2601.250     4.5520     -0.201   0.040540        0.0
   2601.500     4.5518     -0.198   0.039677        0.0
   2601.750     4.5515     -0.201   0.038942        0.0
