docs/reference/2021_06_13_0003.cnv
* Sea-Bird SBE19plus  Data File:
* FileName = C:\CTD\202101_162_L1\2021_06_13\2021_06_13_0003.hex
* Software version 2.8.0.119
* Temperature SN = 8102
* Conductivity SN = 8102
* System UpLoad Time = Jun 13 2021 15:50:38
* <ApplicationData>
* <Seaterm232>
# nquan = 5
# nvalues = 10408
# units = specified
# name 1 = timeS: Time, Elapsed [seconds]
# name 2 = tv290C: Temperature [ITS-90, deg C]
# name 3 = prdM: Pressure, Strain Gauge [db]
# name 4 = c0S/m: Conductivity [S/m]
# name 5 = flag:  0.000e+00
# span 1 =          0,    2601.75
# span 2 =     3.7522,     5.5933
# span 3 =     -0.254,     42.864
# span 4 =    0.00013,   3.046439
# span 5 =          0,          0
# interval = seconds: 0.25
# start_time = Jun 13 2021 12:13:29 [Instrument's time stamp, header]
# bad_flag = -9.990e-29
*END*
[from data line 1143]
    285.750     3.9773     17.083   3.000955        0.0
    286.000     3.9731     17.138   3.000936        0.0
    286.250     3.9699     17.199   3.000868        0.0
    286.500     3.9673     17.245   3.000577        0.0
    286.750     3.9648     17.315   3.000552        0.0
    287.000     3.9628     17.385   3.000552        0.0
    287.250     3.9616     17.446   3.000552        0.0
    287.500     3.9610     17.532   3.000528        0.0
    287.750     3.9603     17.617   3.000236        0.0
    288.000     3.9589     17.678   3.000218        0.0
    288.250     3.9576     17.733   3.000168        0.0
    288.500     3.9564     17.803   2.999629        0.0
    288.750     3.9541     17.868   2.999611        0.0
    289.000     3.9516     17.926   2.999431        0.0
    289.250     3.9499     17.984   2.999809        0.0
    289.500     3.9494     18.026   2.998917        0.0
    289.750     3.9467     18.094   2.998644        0.0
    290.000     3.9431     18.133   2.998446        0.0
    290.250     3.9400     18.179   2.998644        0.0
    290.500     3.9384     18.243   2.998489        0.0
    290.750     3.9370     18.313   2.998328        0.0
    291.000     3.9352     18.381   2.997300        0.0
    291.250     3.9307     18.466   2.997034        0.0
    291.500     3.9259     18.536   2.997189        0.0
    291.750     3.9231     18.625   2.997232        0.0
    292.000     3.9214     18.701   2.997121        0.0
    292.250     3.9200     18.790   2.996830        0.0
    292.500     3.9181     18.869   2.996359        0.0
    292.750     3.9150     18.927   2.995975        0.0
    293.000     3.9115     18.982   2.996495        0.0
    293.250     3.9102     19.043   2.996223        0.0
    293.500     3.9093     19.098   2.996316        0.0
    293.750     3.9089     19.138   2.996093        0.0
    294.000     3.9077     19.211   2.995957        0.0
    294.250     3.9067     19.251   2.996966        0.0
    294.500     3.9090     19.309   2.996855        0.0
    294.750     3.9112     19.361   2.996694        0.0
    295.000     3.9117     19.419   2.996495        0.0
    295.250     3.9112     19.483   2.996068        0.0
    295.500     3.9095     19.535   2.996043        0.0
    295.750     3.9075     19.608   2.995374        0.0
    296.000     3.9040     19.675   2.995059        0.0
    296.250     3.9003     19.742   2.995282        0.0
    296.500     3.8982     19.812   2.995418        0.0
    296.750     3.8977     19.889   2.995350        0.0
    297.000     3.8972     19.956   2.995152        0.0
    297.250     3.8962     20.044   2.995214        0.0
    297.500     3.8951     20.112   2.994409        0.0
    297.750     3.8919     20.170   2.994477        0.0
    298.000     3.8897     20.246   2.994588        0.0
    298.250     3.8887     20.307   2.994836        0.0
    298.500     3.8889     20.365   2.994657        0.0
    298.750     3.8885     20.435   2.994520        0.0
    299.000     3.8881     20.493   2.994948        0.0
    299.250     3.8886     20.548   2.994793        0.0
    299.500     3.8887     20.621   2.994099        0.0
    299.750     3.8863     20.667   2.993715        0.0
    300.000     3.8828     20.734   2.993511        0.0
    300.250     3.8796     20.798   2.993604        0.0
    300.500     3.8775     20.863   2.993338        0.0
    300.750     3.8754     20.951   2.993338        0.0
    301.000     3.8740     21.018   2.993288        0.0
    301.250     3.8729     21.095   2.993245        0.0
    301.500     3.8720     21.153   2.993158        0.0
    301.750     3.8711     21.223   2.993270        0.0
    302.000     3.8707     21.287   2.993400        0.0
    302.250     3.8710     21.358   2.993245        0.0
    302.500     3.8712     21.422   2.993672        0.0
    302.750     3.8722     21.476   2.993425        0.0
    303.000     3.8725     21.550   2.993493        0.0
    303.250     3.8727     21.620   2.993468        0.0
    303.500     3.8728     21.660   2.993338        0.0
    303.750     3.8724     21.721   2.993159        0.0
    304.000     3.8715     21.794   2.993227        0.0
    304.250     3.8707     21.861   2.992998        0.0
    304.500     3.8696     21.943   2.992732        0.0
    304.750     3.8674     22.011   2.991883        0.0
    305.000     3.8634     22.072   2.991884        0.0
    305.250     3.8600     22.148   2.992057        0.0
    305.500     3.8581     22.209   2.991655        0.0
    305.750     3.8557     22.267   2.991252        0.0
    306.000     3.8527     22.331   2.991457        0.0
    306.250     3.8513     22.401   2.991772        0.0
    306.500     3.8512     22.459   2.991723        0.0
    306.750     3.8515     22.542   2.991791        0.0
    307.000     3.8519     22.594   2.991748        0.0
    307.250     3.8522     22.667   2.992082        0.0
    307.500     3.8535     22.716   2.992336        0.0
    307.750     3.8554     22.774   2.992330        0.0
    308.000     3.8568     22.847   2.992398        0.0
    308.250     3.8579     22.914   2.992286        0.0
    308.500     3.8580     22.997   2.991946        0.0
    308.750     3.8572     23.061   2.991884        0.0
    309.000     3.8558     23.131   2.991655        0.0
    309.250     3.8542     23.211   2.991525        0.0
    309.500     3.8527     23.287   2.991593        0.0
    309.750     3.8516     23.351   2.990962        0.0
    310.000     3.8487     23.400   2.990361        0.0
    310.250     3.8443     23.476   2.990157        0.0
    310.500     3.8408     23.537   2.990720        0.0
    310.750     3.8396     23.601   2.990293        0.0
    311.000     3.8379     23.647   2.990362        0.0
    311.250     3.8365     23.705   2.989848        0.0
    311.500     3.8349     23.742   2.990900        0.0
    311.750     3.8364     23.797   2.991544        0.0
    312.000     3.8407     23.861   2.991903        0.0
    312.250     3.8451     23.922   2.991928        0.0
    312.500     3.8482     23.980   2.991525        0.0
    312.750     3.8490     24.053   2.991569        0.0
    313.000     3.8493     24.132   2.991593        0.0
    313.250     3.8495     24.203   2.991569        0.0
    313.500     3.8495     24.276   2.991457        0.0
    313.750     3.8490     24.349   2.991389        0.0
    314.000     3.8483     24.429   2.990609        0.0
    314.250     3.8450     24.517   2.989532        0.0
    314.500     3.8385     24.581   2.988908        0.0
    314.750     3.8315     24.655   2.989019        0.0
    315.000     3.8266     24.740   2.989353        0.0
    315.250     3.8252     24.810   2.990542        0.0
    315.500     3.8282     24.877   2.990430        0.0
    315.750     3.8308     24.960   2.990046        0.0
    316.000     3.8315     25.033   2.989916        0.0
    316.250     3.8311     25.097   2.989780        0.0
    316.500     3.8299     25.155   2.988976        0.0
    316.750     3.8268     25.229   2.989514        0.0
    317.000     3.8257     25.287   2.989558        0.0
    317.250     3.8254     25.348   2.989558        0.0
    317.500     3.8253     25.412   2.989576        0.0
    317.750     3.8254     25.467   2.989805        0.0
    318.000     3.8261     25.537   2.989558        0.0
    318.250     3.8257     25.589   2.989242        0.0
    318.500     3.8246     25.656   2.989310        0.0
    318.750     3.8238     25.723   2.989422        0.0
    319.000     3.8234     25.775   2.988840        0.0
    319.250     3.8213     25.845   2.988821        0.0
    319.500     3.8195     25.906   2.988531        0.0
    319.750     3.8172     25.970   2.988326        0.0
    320.000     3.8147     26.044   2.987949        0.0
    320.250     3.8119     26.117   2.987900        0.0
    320.500     3.8096     26.169   2.987881        0.0
    320.750     3.8080     26.254   2.988079        0.0
    321.000     3.8075     26.321   2.988438        0.0
    321.250     3.8088     26.401   2.988840        0.0
    321.500     3.8111     26.468   2.988642        0.0
    321.750     3.8127     26.541   2.988642        0.0
    322.000     3.8130     26.611   2.988129        0.0
    322.250     3.8116     26.678   2.987968        0.0
    322.500     3.8098     26.749   2.987993        0.0
    322.750     3.8084     26.822   2.987968        0.0
    323.000     3.8076     26.871   2.988017        0.0
    323.250     3.8071     26.938   2.987881        0.0
    323.500     3.8065     27.005   2.987900        0.0
    323.750     3.8060     27.075   2.987968        0.0
    324.000     3.8058     27.151   2.988036        0.0
    324.250     3.8061     27.206   2.988370        0.0
    324.500     3.8074     27.280   2.988172        0.0
    324.750     3.8077     27.365   2.987950        0.0
    325.000     3.8072     27.429   2.987968        0.0
    325.250     3.8068     27.499   2.988061        0.0
    325.500     3.8068     27.570   2.988036        0.0
    325.750     3.8068     27.637   2.987900        0.0
    326.000     3.8061     27.695   2.987857        0.0
    326.250     3.8055     27.768   2.987950        0.0
    326.500     3.8053     27.835   2.987814        0.0
    326.750     3.8048     27.893   2.987746        0.0
    327.000     3.8043     27.954   2.987814        0.0
    327.250     3.8039     28.031   2.987659        0.0
    327.500     3.8032     28.107   2.987634        0.0
    327.750     3.8024     28.183   2.987678        0.0
    328.000     3.8023     28.260   2.987968        0.0
    328.250     3.8029     28.330   2.987838        0.0
    328.500     3.8033     28.400   2.987789        0.0
    328.750     3.8033     28.479   2.987770        0.0
    329.000     3.8033     28.546   2.987770        0.0
    329.250     3.8030     28.647   2.987634        0.0
    329.500     3.8024     28.717   2.987325        0.0
    329.750     3.8009     28.788   2.987368        0.0
    330.000     3.7999     28.879   2.987412        0.0
    330.250     3.7992     28.931   2.987548        0.0
    330.500     3.7995     29.023   2.987566        0.0
    330.750     3.7998     29.087   2.987727        0.0
    331.000     3.8004     29.151   2.987591        0.0
    331.250     3.8007     29.227   2.987610        0.0
    331.500     3.8007     29.294   2.987480        0.0
    331.750     3.8001     29.355   2.987369        0.0
    332.000     3.7994     29.438   2.987325        0.0
    332.250     3.7984     29.508   2.987121        0.0
    332.500     3.7973     29.566   2.987053        0.0
    332.750     3.7960     29.645   2.986967        0.0
    333.000     3.7949     29.697   2.986942        0.0
    333.250     3.7940     29.768   2.986831        0.0
    333.500     3.7931     29.813   2.986812        0.0
    333.750     3.7923     29.868   2.986694        0.0
    334.000     3.7915     29.945   2.986565        0.0
    334.250     3.7902     30.002   2.986565        0.0
    334.500     3.7895     30.060   2.986744        0.0
    334.750     3.7896     30.143   2.986744        0.0
    335.000     3.7898     30.198   2.986831        0.0
    335.250     3.7902     30.265   2.986812        0.0
    335.500     3.7905     30.351   2.986763        0.0
    335.750     3.7906     30.424   2.986899        0.0
    336.000     3.7910     30.485   2.986985        0.0
    336.250     3.7917     30.567   2.986899        0.0
    336.500     3.7917     30.632   2.986583        0.0
    336.750     3.7908     30.714   2.986608        0.0
    337.000     3.7899     30.799   2.986608        0.0
    337.250     3.7894     30.876   2.986676        0.0
    337.500     3.7891     30.937   2.986744        0.0
    337.750     3.7893     31.016   2.986831        0.0
    338.000     3.7898     31.080   2.986831        0.0
    338.250     3.7901     31.141   2.987078        0.0
    338.500     3.7911     31.202   2.986967        0.0
    338.750     3.7918     31.288   2.987010        0.0
    339.000     3.7922     31.343   2.986874        0.0
    339.250     3.7920     31.413   2.986720        0.0
    339.500     3.7912     31.474   2.986744        0.0
    339.750     3.7906     31.547   2.986942        0.0
    340.000     3.7910     31.623   2.986986        0.0
    340.250     3.7913     31.697   2.986856        0.0
    340.500     3.7911     31.776   2.986652        0.0
    340.750     3.7905     31.852   2.986831        0.0
    341.000     3.7904     31.916   2.986924        0.0
    341.250     3.7906     31.981   2.986899        0.0
    341.500     3.7908     32.063   2.987011        0.0
    341.750     3.7913     32.140   2.987054        0.0
    342.000     3.7919     32.182   2.987079        0.0
    342.250     3.7924     32.250   2.987054        0.0
    342.500     3.7926     32.314   2.986967        0.0
    342.750     3.7924     32.375   2.986831        0.0
    343.000     3.7918     32.415   2.986875        0.0
    343.250     3.7913     32.482   2.986831        0.0
    343.500     3.7909     32.546   2.986831        0.0
    343.750     3.7906     32.622   2.986831        0.0
    344.000     3.7903     32.692   2.986763        0.0
    344.250     3.7900     32.744   2.986745        0.0
    344.500     3.7895     32.811   2.986745        0.0
    344.750     3.7893     32.894   2.986856        0.0
    345.000     3.7895     32.958   2.986924        0.0
    345.250     3.7899     33.028   2.986968        0.0
    345.500     3.7904     33.080   2.986813        0.0
    345.750     3.7902     33.147   2.986943        0.0
    346.000     3.7902     33.205   2.986943        0.0
    346.250     3.7905     33.272   2.986875        0.0
    346.500     3.7904     33.351   2.986924        0.0
    346.750     3.7905     33.422   2.986875        0.0
    347.000     3.7902     33.495   2.986875        0.0
    347.250     3.7901     33.577   2.986652        0.0
    347.500     3.7901     33.644   2.986875        0.0
    347.750     3.7900     33.711   2.986925        0.0
    348.000     3.7901     33.797   2.986788        0.0
    348.250     3.7896     33.858   2.986745        0.0
    348.500     3.7890     33.934   2.986652        0.0
    348.750     3.7886     33.992   2.986900        0.0
    349.000     3.7888     34.063   2.986764        0.0
    349.250     3.7887     34.118   2.986566        0.0
    349.500     3.7880     34.176   2.986857        0.0
    349.750     3.7882     34.222   2.986900        0.0
    350.000     3.7889     34.264   2.986900        0.0
    350.250     3.7893     34.328   2.986925        0.0
    350.500     3.7896     34.383   2.986875        0.0
    350.750     3.7896     34.438   2.986813        0.0
    351.000     3.7894     34.499   2.986653        0.0
    351.250     3.7887     34.576   2.986566        0.0
    351.500     3.7876     34.655   2.986585        0.0
    351.750     3.7870     34.704   2.986813        0.0
    352.000     3.7874     34.786   2.986789        0.0
    352.250     3.7877     34.847   2.986721        0.0
    352.500     3.7877     34.906   2.986566        0.0
    352.750     3.7871     34.967   2.986541        0.0
    353.000     3.7864     35.031   2.986634        0.0
    353.250     3.7863     35.073   2.986634        0.0
    353.500     3.7861     35.125   2.986634        0.0
    353.750     3.7860     35.177   2.986541        0.0
    354.000     3.7859     35.232   2.986498        0.0
    354.250     3.7855     35.281   2.986566        0.0
    354.500     3.7853     35.321   2.986473        0.0
    354.750     3.7850     35.379   2.986498        0.0
    355.000     3.7848     35.446   2.986473        0.0
    355.250     3.7846     35.528   2.986473        0.0
    355.500     3.7845     35.571   2.986473        0.0
    355.750     3.7841     35.663   2.986498        0.0
    356.000     3.7842     35.727   2.986523        0.0
    356.250     3.7841     35.779   2.986498        0.0
    356.500     3.7840     35.843   2.986498        0.0
    356.750     3.7840     35.895   2.986523        0.0
