docs/reference/SBE19plus_01908106_2023_06_18_0001.cnv
* Sea-Bird SBE19plus  Data File:
* FileName = C:\CTD\202301_162_L2\SBE19plus_01908106_2023_06_18_0001.hex
* Software version 2.8.0.119
* Temperature SN = 8106
* Conductivity SN = 8106
* System UpLoad Time = Jun 18 2023 18:06:49
* <ApplicationData>
* <Seaterm232>
# nquan = 7
# nvalues = 10937
# units = specified
# name 1 = timeS: Time, Elapsed [seconds]
# name 2 = tv290C: Temperature [ITS-90, deg C]
# name 3 = prdM: Pressure, Strain Gauge [db]
# name 4 = c0S/m: Conductivity [S/m]
# name 5 = sbeox0V: Oxygen raw, SBE 43 [V]
# name 6 = ph: pH
# name 7 = flag:  0.000e+00
# span 1 =          0,       2734
# span 2 =     1.9834,     3.1841
# span 3 =     -0.092,     41.076
# span 4 =   0.000514,   2.794697
# span 5 = 2.95765621423667, 3.99343862058442
# span 6 =        6.8,      8.535
# span 7 =          0,          0
# interval = seconds: 0.25
# start_time = Jun 18 2023 07:13:35 [Instrument's time stamp, header]
# bad_flag = -9.990e-29
*END*
[from data line 1026]
    256.500     1.9879      1.269   2.788483   3.935912      8.457        0.0
    256.750     1.9876      1.308   2.788477   3.934768      8.458        0.0
    257.000     1.9874      1.336   2.788543   3.935073      8.457        0.0
    257.250     1.9876      1.357   2.788610   3.935149      8.456        0.0
    257.500     1.9880      1.384   2.788543   3.933776      8.454        0.0
    257.750     1.9881      1.408   2.788719   3.934691      8.462        0.0
    258.000     1.9888      1.442   2.788670   3.933165      8.455        0.0
    258.250     1.9892      1.488   2.788628   3.933242      8.459        0.0
    258.500     1.9890      1.530   2.788610   3.932860      8.457        0.0
    258.750     1.9887      1.561   2.788567   3.931945      8.458        0.0
    259.000     1.9886      1.591   2.788567   3.931868      8.459        0.0
    259.250     1.9884      1.615   2.788586   3.932021      8.458        0.0
    259.500     1.9883      1.643   2.788586   3.931029      8.456        0.0
    259.750     1.9884      1.688   2.788652   3.930648      8.460        0.0
    260.000     1.9885      1.734   2.788646   3.928969      8.457        0.0
    260.250     1.9889      1.776   2.788689   3.928130      8.457        0.0
    260.500     1.9892      1.819   2.788695   3.927520      8.457        0.0
    260.750     1.9893      1.855   2.788670   3.927138      8.458        0.0
    261.000     1.9894      1.880   2.788671   3.923934      8.457        0.0
    261.250     1.9893      1.922   2.788671   3.924392      8.455        0.0
    261.500     1.9892      1.934   2.788568   3.925231      8.460        0.0
    261.750     1.9891      1.965   2.788719   3.924697      8.458        0.0
    262.000     1.9893      1.986   2.788773   3.924697      8.456        0.0
    262.250     1.9897      2.032   2.788834   3.924392      8.460        0.0
    262.500     1.9903      2.077   2.788913   3.924849      8.458        0.0
    262.750     1.9908      2.129   2.788937   3.922637      8.456        0.0
    263.000     1.9914      2.199   2.788955   3.922179      8.457        0.0
    263.250     1.9917      2.269   2.788895   3.923018      8.457        0.0
    263.500     1.9917      2.342   2.788810   3.922637      8.464        0.0
    263.750     1.9912      2.436   2.788780   3.921950      8.456        0.0
    264.000     1.9907      2.503   2.788731   3.922179      8.457        0.0
    264.250     1.9901      2.588   2.788792   3.921492      8.456        0.0
    264.500     1.9901      2.664   2.789022   3.920729      8.459        0.0
    264.750     1.9910      2.746   2.788998   3.920653      8.459        0.0
    265.000     1.9917      2.819   2.789083   3.920958      8.459        0.0
    265.250     1.9923      2.865   2.788810   3.921874      8.457        0.0
    265.500     1.9917      2.913   2.788792   3.922103      8.458        0.0
    265.750     1.9908      2.956   2.788780   3.921950      8.456        0.0
    266.000     1.9904      2.990   2.788671   3.922866      8.459        0.0
    266.250     1.9895      3.005   2.788671   3.922713      8.458        0.0
    266.500     1.9889      2.990   2.788653   3.923781      8.460        0.0
    266.750     1.9886      3.002   2.788647   3.924086      8.458        0.0
    267.000     1.9884      3.002   2.788628   3.924239      8.459        0.0
    267.250     1.9882      2.977   2.788604   3.924163      8.458        0.0
    267.500     1.9881      2.947   2.788877   3.925002      8.459        0.0
    267.750     1.9888      2.929   2.788913   3.924926      8.460        0.0
    268.000     1.9900      2.929   2.788998   3.924773      8.461        0.0
    268.250     1.9910      2.907   2.788974   3.925002      8.458        0.0
    268.500     1.9913      2.907   2.788877   3.925841      8.460        0.0
    268.750     1.9912      2.892   2.789119   3.925689      8.458        0.0
    269.000     1.9920      2.914   2.789131   3.926375      8.459        0.0
    269.250     1.9926      2.913   2.788774   3.924239      8.462        0.0
    269.500     1.9916      2.929   2.788586   3.926223      8.460        0.0
    269.750     1.9899      2.956   2.788719   3.924697      8.459        0.0
    270.000     1.9891      3.002   2.788628   3.925536      8.456        0.0
    270.250     1.9887      3.041   2.788544   3.924926      8.457        0.0
    270.500     1.9878      3.059   2.788544   3.926223      8.460        0.0
    270.750     1.9873      3.047   2.788544   3.925689      8.461        0.0
    271.000     1.9872      3.017   2.788780   3.926146      8.457        0.0
    271.250     1.9879      3.008   2.788877   3.926680      8.460        0.0
    271.500     1.9891      3.029   2.788846   3.927977      8.462        0.0
    271.750     1.9897      3.017   2.788647   3.926299      8.459        0.0
    272.000     1.9892      3.008   2.788525   3.926604      8.459        0.0
    272.250     1.9882      3.014   2.788519   3.928206      8.458        0.0
    272.500     1.9872      3.056   2.788465   3.926680      8.459        0.0
    272.750     1.9867      3.072   2.788441   3.927520      8.460        0.0
    273.000     1.9861      3.062   2.788435   3.926680      8.458        0.0
    273.250     1.9858      3.072   2.788423   3.925765      8.460        0.0
    273.500     1.9857      3.059   2.788459   3.926070      8.457        0.0
    273.750     1.9856      3.053   2.788441   3.925994      8.460        0.0
    274.000     1.9855      3.050   2.788441   3.928511      8.459        0.0
    274.250     1.9856      2.990   2.788477   3.927977      8.462        0.0
    274.500     1.9857      2.938   2.788465   3.927214      8.462        0.0
    274.750     1.9859      2.901   2.788483   3.926833      8.459        0.0
    275.000     1.9862      2.859   2.788544   3.928359      8.459        0.0
    275.250     1.9864      2.859   2.788501   3.927596      8.458        0.0
    275.500     1.9865      2.853   2.788501   3.927977      8.461        0.0
    275.750     1.9865      2.810   2.788501   3.928359      8.460        0.0
    276.000     1.9866      2.795   2.788501   3.929122      8.461        0.0
    276.250     1.9867      2.831   2.788477   3.927520      8.460        0.0
    276.500     1.9865      2.825   2.788441   3.926299      8.461        0.0
    276.750     1.9863      2.834   2.788422   3.925612      8.460        0.0
    277.000     1.9860      2.792   2.788459   3.925612      8.460        0.0
    277.250     1.9859      2.847   2.788483   3.925612      8.460        0.0
    277.500     1.9860      2.880   2.788459   3.926223      8.462        0.0
    277.750     1.9861      2.941   2.788465   3.925994      8.460        0.0
    278.000     1.9860      2.892   2.788465   3.926299      8.459        0.0
    278.250     1.9860      2.874   2.788435   3.926604      8.461        0.0
    278.500     1.9858      2.831   2.788422   3.925689      8.461        0.0
    278.750     1.9857      2.780   2.788465   3.925994      8.461        0.0
    279.000     1.9858      2.774   2.788501   3.926070      8.461        0.0
    279.250     1.9861      2.768   2.788483   3.925002      8.462        0.0
    279.500     1.9861      2.792   2.788477   3.925154      8.459        0.0
    279.750     1.9862      2.834   2.788465   3.925460      8.458        0.0
    280.000     1.9860      2.771   2.788441   3.925383      8.459        0.0
    280.250     1.9861      2.743   2.788501   3.926757      8.461        0.0
    280.500     1.9862      2.719   2.788501   3.926375      8.459        0.0
    280.750     1.9864      2.737   2.788501   3.925612      8.458        0.0
    281.000     1.9864      2.719   2.788435   3.926986      8.462        0.0
    281.250     1.9863      2.731   2.788483   3.925536      8.462        0.0
    281.500     1.9863      2.734   2.788459   3.925689      8.457        0.0
    281.750     1.9861      2.737   2.788465   3.927291      8.460        0.0
    282.000     1.9861      2.722   2.788465   3.927214      8.462        0.0
    282.250     1.9860      2.716   2.788459   3.927977      8.463        0.0
    282.500     1.9860      2.631   2.788441   3.926833      8.461        0.0
    282.750     1.9859      2.613   2.788459   3.928130      8.459        0.0
    283.000     1.9857      2.606   2.788441   3.927977      8.458        0.0
    283.250     1.9858      2.558   2.788441   3.928664      8.458        0.0
    283.500     1.9858      2.506   2.788459   3.927977      8.458        0.0
    283.750     1.9858      2.473   2.788441   3.929732      8.459        0.0
    284.000     1.9858      2.457   2.788422   3.927672      8.461        0.0
    284.250     1.9859      2.451   2.788434   3.927367      8.455        0.0
    284.500     1.9857      2.476   2.788404   3.927825      8.459        0.0
    284.750     1.9858      2.515   2.788434   3.925154      8.460        0.0
    285.000     1.9857      2.546   2.788422   3.924086      8.462        0.0
    285.250     1.9856      2.567   2.788380   3.924620      8.460        0.0
    285.500     1.9854      2.576   2.788392   3.924086      8.462        0.0
    285.750     1.9855      2.582   2.788422   3.924315      8.458        0.0
    286.000     1.9855      2.610   2.788441   3.924163      8.460        0.0
    286.250     1.9856      2.619   2.788459   3.923629      8.459        0.0
    286.500     1.9857      2.625   2.788483   3.922866      8.459        0.0
    286.750     1.9859      2.622   2.788501   3.923323      8.461        0.0
    287.000     1.9860      2.625   2.788441   3.923171      8.463        0.0
    287.250     1.9859      2.628   2.788380   3.922484      8.462        0.0
    287.500     1.9856      2.625   2.788410   3.921721      8.458        0.0
    287.750     1.9853      2.634   2.788465   3.922713      8.459        0.0
    288.000     1.9855      2.625   2.788435   3.922866      8.458        0.0
    288.250     1.9856      2.622   2.788410   3.923323      8.461        0.0
    288.500     1.9857      2.606   2.788465   3.923095      8.458        0.0
    288.750     1.9857      2.610   2.788519   3.923552      8.460        0.0
    289.000     1.9862      2.634   2.788525   3.923400      8.460        0.0
    289.250     1.9865      2.646   2.788544   3.922637      8.460        0.0
    289.500     1.9867      2.692   2.788544   3.922332      8.459        0.0
    289.750     1.9868      2.728   2.788525   3.922866      8.460        0.0
    290.000     1.9868      2.786   2.788519   3.922866      8.461        0.0
    290.250     1.9868      2.859   2.788501   3.921874      8.460        0.0
    290.500     1.9867      2.908   2.788404   3.922408      8.456        0.0
    290.750     1.9863      2.965   2.788435   3.922026      8.460        0.0
    291.000     1.9858      3.026   2.788423   3.921874      8.461        0.0
    291.250     1.9856      3.090   2.788404   3.921111      8.461        0.0
    291.500     1.9854      3.154   2.788459   3.921645      8.458        0.0
    291.750     1.9853      3.199   2.788404   3.920348      8.460        0.0
    292.000     1.9853      3.242   2.788435   3.920195      8.462        0.0
    292.250     1.9853      3.297   2.788441   3.921187      8.462        0.0
    292.500     1.9855      3.342   2.788465   3.920729      8.461        0.0
    292.750     1.9854      3.373   2.788477   3.920272      8.458        0.0
    293.000     1.9856      3.397   2.788501   3.922255      8.463        0.0
    293.250     1.9859      3.430   2.788544   3.921035      8.461        0.0
    293.500     1.9861      3.437   2.788544   3.922179      8.458        0.0
    293.750     1.9864      3.440   2.788568   3.921569      8.461        0.0
    294.000     1.9867      3.424   2.788562   3.921111      8.464        0.0
    294.250     1.9869      3.424   2.788568   3.921340      8.459        0.0
    294.500     1.9869      3.434   2.788544   3.921645      8.460        0.0
    294.750     1.9868      3.434   2.788501   3.921340      8.463        0.0
    295.000     1.9866      3.437   2.788544   3.921340      8.463        0.0
    295.250     1.9865      3.446   2.788501   3.921569      8.460        0.0
    295.500     1.9864      3.458   2.788526   3.921874      8.460        0.0
    295.750     1.9864      3.470   2.788647   3.920729      8.462        0.0
    296.000     1.9870      3.491   2.788762   3.922026      8.462        0.0
    296.250     1.9878      3.534   2.788689   3.921492      8.461        0.0
    296.500     1.9882      3.579   2.788647   3.921721      8.460        0.0
    296.750     1.9882      3.622   2.788562   3.921416      8.460        0.0
    297.000     1.9876      3.646   2.788465   3.921263      8.459        0.0
    297.250     1.9867      3.677   2.788501   3.921798      8.459        0.0
    297.500     1.9861      3.686   2.788520   3.921416      8.461        0.0
    297.750     1.9862      3.695   2.788544   3.921416      8.460        0.0
    298.000     1.9861      3.731   2.788520   3.922179      8.460        0.0
    298.250     1.9862      3.741   2.788526   3.922789      8.463        0.0
    298.500     1.9863      3.762   2.788501   3.921416      8.460        0.0
    298.750     1.9863      3.814   2.788544   3.920958      8.459        0.0
    299.000     1.9861      3.832   2.788586   3.920653      8.459        0.0
    299.250     1.9863      3.862   2.788804   3.921492      8.461        0.0
    299.500     1.9874      3.902   2.788877   3.920882      8.459        0.0
    299.750     1.9888      3.947   2.788895   3.920348      8.458        0.0
    300.000     1.9895      3.993   2.788956   3.921798      8.461        0.0
    300.250     1.9900      4.057   2.788895   3.919890      8.464        0.0
    300.500     1.9903      4.108   2.788774   3.920043      8.458        0.0
    300.750     1.9896      4.160   2.788629   3.919890      8.460        0.0
    301.000     1.9887      4.251   2.788689   3.920729      8.459        0.0
    301.250     1.9883      4.312   2.788762   3.919509      8.462        0.0
    301.500     1.9883      4.346   2.788774   3.920424      8.461        0.0
    301.750     1.9884      4.373   2.788774   3.921721      8.460        0.0
    302.000     1.9884      4.385   2.788738   3.920958      8.461        0.0
    302.250     1.9884      4.370   2.788732   3.922026      8.460        0.0
    302.500     1.9884      4.361   2.788804   3.923323      8.459        0.0
    302.750     1.9886      4.379   2.788835   3.923400      8.462        0.0
    303.000     1.9890      4.382   2.788853   3.924468      8.463        0.0
    303.250     1.9893      4.379   2.788871   3.924773      8.457        0.0
    303.500     1.9897      4.416   2.788998   3.923781      8.459        0.0
    303.750     1.9904      4.440   2.788895   3.926146      8.459        0.0
    304.000     1.9905      4.504   2.788762   3.923705      8.465        0.0
    304.250     1.9898      4.598   2.788750   3.924010      8.463        0.0
    304.500     1.9890      4.711   2.788720   3.923171      8.464        0.0
    304.750     1.9886      4.768   2.788708   3.923934      8.461        0.0
    305.000     1.9881      4.796   2.788708   3.923247      8.461        0.0
    305.250     1.9878      4.841   2.788780   3.924163      8.460        0.0
    305.500     1.9880      4.866   2.788774   3.924315      8.458        0.0
    305.750     1.9883      4.884   2.788792   3.923857      8.464        0.0
    306.000     1.9884      4.908   2.788871   3.924468      8.465        0.0
    306.250     1.9887      4.954   2.788811   3.925002      8.463        0.0
    306.500     1.9890      4.981   2.788847   3.924468      8.460        0.0
    306.750     1.9890      5.008   2.788895   3.924239      8.463        0.0
    307.000     1.9894      5.063   2.788914   3.924544      8.464        0.0
    307.250     1.9896      5.106   2.788889   3.923400      8.463        0.0
