docs/reference/SBE19plus_01908106_2023_06_18_0001.cnv
* Sea-Bird SBE19plus  Data File:
* FileName = C:\CTD\202301_162_L2\SBE19plus_01908106_2023_06_18_0001.hex
* Software version 2.8.0.119
* Temperature SN = 8106
* Conductivity SN = 8106
* System UpLoad Time = Jun 18 2023 18:06:49
* <ApplicationData>
* <Seaterm232>
# nquan = 7
# nvalues = 10937
# units = specified
# name 1 = timeS: Time, Elapsed [seconds]
# name 2 = tv290C: Temperature [ITS-90, deg C]
# name 3 = prdM: Pressure, Strain Gauge [db]
# name 4 = c0S/m: Conductivity [S/m]
# name 5 = sbeox0V: Oxygen raw, SBE 43 [V]
# name 6 = ph: pH
# name 7 = flag:  0.000e+00
# span 1 =          0,       2734
# span 2 =     1.9834,     3.1841
# span 3 =     -0.092,     41.076
# span 4 =   0.000514,   2.794697
# span 5 = 2.95765621423667, 3.99343862058442
# span 6 =        6.8,      8.535
# span 7 =          0,          0
# interval = seconds: 0.25
# start_time = Jun 18 2023 07:13:35 [Instrument's time stamp, header]
# bad_flag = -9.990e-29
*END*
[from data line 1436]
    359.000     1.9958     15.750   2.790031   3.938811      8.480        0.0
    359.250     1.9963     15.805   2.790019   3.939269      8.480        0.0
    359.500     1.9965     15.857   2.790007   3.939422      8.482        0.0
    359.750     1.9965     15.905   2.790067   3.938659      8.483        0.0
    360.000     1.9966     15.966   2.790092   3.938964      8.482        0.0
    360.250     1.9969     16.039   2.790110   3.940566      8.481        0.0
    360.500     1.9972     16.118   2.790001   3.939574      8.483        0.0
    360.750     1.9970     16.188   2.789456   3.940566      8.481        0.0
    361.000     1.9943     16.270   2.789147   3.940719      8.480        0.0
    361.250     1.9908     16.349   2.789110   3.941863      8.484        0.0
    361.500     1.9885     16.425   2.789413   3.940871      8.481        0.0
    361.750     1.9883     16.507   2.789522   3.942245      8.479        0.0
    362.000     1.9892     16.586   2.790092   3.941863      8.485        0.0
    362.250     1.9921     16.644   2.790316   3.941939      8.484        0.0
    362.500     1.9953     16.708   2.790413   3.941711      8.484        0.0
    362.750     1.9976     16.763   2.790480   3.941329      8.484        0.0
    363.000     1.9990     16.817   2.790455   3.941253      8.482        0.0
    363.250     1.9999     16.875   2.790480   3.941863      8.486        0.0
    363.500     2.0003     16.927   2.790480   3.941176      8.483        0.0
    363.750     2.0007     16.972   2.790522   3.942397      8.482        0.0
    364.000     2.0009     17.027   2.790504   3.943008      8.484        0.0
    364.250     2.0011     17.079   2.790504   3.943236      8.482        0.0
    364.500     2.0010     17.146   2.790498   3.942550      8.481        0.0
    364.750     2.0010     17.197   2.790522   3.942550      8.484        0.0
    365.000     2.0010     17.276   2.790522   3.942245      8.482        0.0
    365.250     2.0011     17.346   2.790522   3.943694      8.482        0.0
    365.500     2.0011     17.422   2.790522   3.943236      8.482        0.0
    365.750     2.0011     17.498   2.790540   3.942016      8.484        0.0
    366.000     2.0012     17.593   2.790565   3.941863      8.483        0.0
    366.250     2.0013     17.672   2.790589   3.942168      8.483        0.0
    366.500     2.0013     17.763   2.790565   3.942550      8.484        0.0
    366.750     2.0013     17.842   2.790583   3.942702      8.483        0.0
    367.000     2.0013     17.933   2.790565   3.942855      8.483        0.0
    367.250     2.0013     18.000   2.790565   3.942550      8.486        0.0
    367.500     2.0013     18.076   2.790589   3.942092      8.484        0.0
    367.750     2.0012     18.146   2.790583   3.943771      8.482        0.0
    368.000     2.0014     18.204   2.790607   3.943847      8.483        0.0
    368.250     2.0014     18.268   2.790607   3.943542      8.482        0.0
    368.500     2.0013     18.328   2.790583   3.944228      8.485        0.0
    368.750     2.0013     18.383   2.790565   3.943999      8.482        0.0
    369.000     2.0010     18.447   2.790522   3.942931      8.485        0.0
    369.250     2.0008     18.505   2.790522   3.944533      8.485        0.0
    369.500     2.0008     18.562   2.790498   3.944228      8.488        0.0
    369.750     2.0005     18.623   2.790504   3.943847      8.486        0.0
    370.000     2.0005     18.684   2.790522   3.943542      8.482        0.0
    370.250     2.0004     18.748   2.790541   3.943694      8.486        0.0
    370.500     2.0004     18.812   2.790541   3.943542      8.484        0.0
    370.750     2.0007     18.869   2.790541   3.943236      8.485        0.0
    371.000     2.0005     18.927   2.790522   3.943542      8.484        0.0
    371.250     2.0007     18.985   2.790522   3.943542      8.488        0.0
    371.500     2.0006     19.052   2.790565   3.944686      8.490        0.0
    371.750     2.0006     19.113   2.790565   3.944686      8.485        0.0
    372.000     2.0005     19.167   2.790565   3.944533      8.485        0.0
    372.250     2.0006     19.222   2.790541   3.945525      8.486        0.0
    372.500     2.0007     19.292   2.790565   3.945983      8.484        0.0
    372.750     2.0006     19.353   2.790589   3.945296      8.484        0.0
    373.000     2.0007     19.423   2.790583   3.945144      8.487        0.0
    373.250     2.0008     19.499   2.790523   3.946822      8.490        0.0
    373.500     2.0005     19.575   2.790480   3.947051      8.484        0.0
    373.750     2.0003     19.663   2.790504   3.946975      8.487        0.0
    374.000     1.9998     19.748   2.790523   3.946822      8.486        0.0
    374.250     1.9998     19.836   2.790505   3.947967      8.485        0.0
    374.500     1.9997     19.924   2.790480   3.947967      8.483        0.0
    374.750     1.9996     20.007   2.790523   3.948501      8.483        0.0
    375.000     1.9998     20.092   2.790541   3.948196      8.488        0.0
    375.250     1.9999     20.165   2.790589   3.947814      8.484        0.0
    375.500     2.0002     20.241   2.790583   3.949111      8.486        0.0
    375.750     2.0004     20.308   2.790583   3.948348      8.483        0.0
    376.000     2.0003     20.365   2.790608   3.949569      8.489        0.0
    376.250     2.0004     20.432   2.790565   3.950484      8.487        0.0
    376.500     2.0004     20.484   2.790608   3.948653      8.486        0.0
    376.750     2.0005     20.539   2.790626   3.948882      8.487        0.0
    377.000     2.0007     20.590   2.790668   3.949874      8.486        0.0
    377.250     2.0007     20.642   2.790717   3.948272      8.486        0.0
    377.500     2.0010     20.700   2.790711   3.948501      8.484        0.0
    377.750     2.0012     20.757   2.790741   3.949035      8.488        0.0
    378.000     2.0013     20.821   2.790771   3.949874      8.488        0.0
    378.250     2.0014     20.897   2.790771   3.948959      8.488        0.0
    378.500     2.0015     20.973   2.790784   3.950256      8.488        0.0
    378.750     2.0017     21.052   2.790771   3.950256      8.488        0.0
    379.000     2.0017     21.125   2.790802   3.950256      8.489        0.0
    379.250     2.0017     21.210   2.790790   3.950179      8.488        0.0
    379.500     2.0018     21.293   2.790790   3.951324      8.481        0.0
    379.750     2.0018     21.369   2.790802   3.949340      8.486        0.0
    380.000     2.0018     21.445   2.790790   3.951171      8.490        0.0
    380.250     2.0016     21.518   2.790784   3.950790      8.487        0.0
    380.500     2.0016     21.581   2.790772   3.951934      8.483        0.0
    380.750     2.0016     21.648   2.790729   3.950637      8.490        0.0
    381.000     2.0014     21.703   2.790699   3.951553      8.491        0.0
    381.250     2.0012     21.755   2.790687   3.950561      8.484        0.0
    381.500     2.0010     21.806   2.790687   3.951629      8.488        0.0
    381.750     2.0009     21.849   2.790717   3.950332      8.490        0.0
    382.000     2.0010     21.895   2.790729   3.951476      8.488        0.0
    382.250     2.0010     21.943   2.790760   3.951171      8.483        0.0
    382.500     2.0011     22.007   2.790747   3.950637      8.491        0.0
    382.750     2.0012     22.065   2.790772   3.949950      8.487        0.0
    383.000     2.0012     22.129   2.790802   3.951629      8.485        0.0
    383.250     2.0013     22.199   2.790772   3.950561      8.488        0.0
    383.500     2.0013     22.284   2.790826   3.949798      8.491        0.0
    383.750     2.0015     22.375   2.790832   3.950332      8.489        0.0
    384.000     2.0016     22.469   2.790814   3.950866      8.487        0.0
    384.250     2.0017     22.570   2.790851   3.952087      8.490        0.0
    384.500     2.0018     22.670   2.790851   3.952316      8.487        0.0
    384.750     2.0018     22.752   2.790869   3.952163      8.488        0.0
    385.000     2.0018     22.849   2.790875   3.951247      8.490        0.0
    385.250     2.0019     22.928   2.790893   3.951629      8.489        0.0
    385.500     2.0020     23.007   2.790911   3.951629      8.490        0.0
    385.750     2.0020     23.083   2.790917   3.951553      8.486        0.0
    386.000     2.0019     23.150   2.790936   3.951476      8.486        0.0
    386.250     2.0021     23.208   2.790936   3.950484      8.486        0.0
    386.500     2.0022     23.272   2.790954   3.952468      8.486        0.0
    386.750     2.0022     23.327   2.790960   3.951934      8.491        0.0
    387.000     2.0023     23.372   2.790954   3.952926      8.487        0.0
    387.250     2.0022     23.433   2.790978   3.952544      8.488        0.0
    387.500     2.0024     23.488   2.791002   3.952468      8.490        0.0
    387.750     2.0023     23.536   2.790978   3.952163      8.489        0.0
    388.000     2.0025     23.600   2.790978   3.952239      8.486        0.0
    388.250     2.0025     23.658   2.790978   3.952926      8.491        0.0
    388.500     2.0024     23.725   2.790936   3.952392      8.489        0.0
    388.750     2.0023     23.792   2.790893   3.952316      8.491        0.0
    389.000     2.0020     23.868   2.790875   3.952697      8.486        0.0
    389.250     2.0019     23.938   2.790912   3.952468      8.484        0.0
    389.500     2.0019     24.026   2.790893   3.953918      8.487        0.0
    389.750     2.0017     24.093   2.790875   3.954757      8.489        0.0
    390.000     2.0015     24.178   2.790851   3.953918      8.488        0.0
    390.250     2.0015     24.260   2.790815   3.953994      8.490        0.0
    390.500     2.0013     24.339   2.790851   3.952316      8.491        0.0
    390.750     2.0012     24.421   2.790936   3.954070      8.489        0.0
    391.000     2.0014     24.503   2.790954   3.953689      8.490        0.0
    391.250     2.0016     24.579   2.790960   3.954604      8.490        0.0
    391.500     2.0018     24.652   2.790936   3.953765      8.487        0.0
    391.750     2.0018     24.737   2.790936   3.952316      8.488        0.0
    392.000     2.0018     24.819   2.790954   3.953307      8.493        0.0
    392.250     2.0016     24.907   2.790936   3.953155      8.488        0.0
    392.500     2.0018     24.980   2.790978   3.952773      8.491        0.0
    392.750     2.0018     25.059   2.790978   3.954223      8.489        0.0
    393.000     2.0018     25.126   2.791003   3.953231      8.489        0.0
    393.250     2.0019     25.196   2.790978   3.952621      8.487        0.0
    393.500     2.0019     25.278   2.790979   3.952392      8.491        0.0
    393.750     2.0018     25.351   2.791003   3.952773      8.490        0.0
    394.000     2.0019     25.427   2.790979   3.952621      8.488        0.0
    394.250     2.0019     25.500   2.790954   3.951476      8.490        0.0
    394.500     2.0019     25.561   2.791003   3.952468      8.493        0.0
    394.750     2.0019     25.631   2.791039   3.952010      8.490        0.0
    395.000     2.0019     25.707   2.791045   3.950866      8.491        0.0
    395.250     2.0020     25.783   2.790997   3.950637      8.490        0.0
    395.500     2.0020     25.844   2.790918   3.951324      8.492        0.0
    395.750     2.0017     25.908   2.790912   3.951705      8.490        0.0
    396.000     2.0014     25.996   2.790918   3.951400      8.490        0.0
    396.250     2.0013     26.066   2.790912   3.951324      8.487        0.0
    396.500     2.0012     26.136   2.790918   3.952163      8.488        0.0
    396.750     2.0013     26.221   2.790918   3.950942      8.493        0.0
    397.000     2.0013     26.291   2.790961   3.951781      8.492        0.0
    397.250     2.0013     26.373   2.790936   3.952087      8.492        0.0
    397.500     2.0012     26.446   2.790961   3.952239      8.491        0.0
    397.750     2.0013     26.528   2.790979   3.951934      8.487        0.0
    398.000     2.0012     26.598   2.790979   3.952087      8.492        0.0
    398.250     2.0013     26.671   2.791003   3.952010      8.490        0.0
    398.500     2.0014     26.741   2.791058   3.951247      8.489        0.0
    398.750     2.0015     26.802   2.791064   3.951324      8.492        0.0
    399.000     2.0017     26.871   2.791058   3.952544      8.488        0.0
    399.250     2.0018     26.932   2.791040   3.951705      8.490        0.0
    399.500     2.0018     26.999   2.791088   3.953079      8.490        0.0
    399.750     2.0018     27.066   2.791058   3.951476      8.493        0.0
    400.000     2.0019     27.130   2.791088   3.951934      8.492        0.0
    400.250     2.0020     27.203   2.791118   3.951095      8.493        0.0
    400.500     2.0022     27.279   2.791118   3.951629      8.490        0.0
    400.750     2.0022     27.361   2.791197   3.952316      8.494        0.0
    401.000     2.0023     27.437   2.791185   3.951858      8.490        0.0
    401.250     2.0025     27.516   2.791221   3.950637      8.493        0.0
    401.500     2.0027     27.604   2.791282   3.950561      8.491        0.0
    401.750     2.0028     27.683   2.791264   3.950561      8.492        0.0
    402.000     2.0030     27.768   2.791264   3.949798      8.496        0.0
    402.250     2.0030     27.844   2.791288   3.949874      8.490        0.0
    402.500     2.0030     27.917   2.791306   3.950332      8.489        0.0
    402.750     2.0031     27.999   2.791306   3.949874      8.491        0.0
    403.000     2.0032     28.075   2.791288   3.949416      8.493        0.0
    403.250     2.0032     28.136   2.791306   3.948806      8.491        0.0
    403.500     2.0031     28.209   2.791288   3.948043      8.492        0.0
    403.750     2.0032     28.273   2.791306   3.949798      8.492        0.0
    404.000     2.0031     28.343   2.791306   3.948653      8.493        0.0
    404.250     2.0031     28.422   2.791307   3.948882      8.494        0.0
    404.500     2.0032     28.486   2.791325   3.948196      8.493        0.0
    404.750     2.0033     28.562   2.791325   3.949111      8.494        0.0
    405.000     2.0031     28.623   2.791325   3.950179      8.494        0.0
    405.250     2.0033     28.696   2.791349   3.949035      8.492        0.0
    405.500     2.0032     28.759   2.791325   3.949340      8.492        0.0
    405.750     2.0032     28.832   2.791325   3.950027      8.491        0.0
    406.000     2.0032     28.905   2.791325   3.949798      8.491        0.0
    406.250     2.0032     28.975   2.791325   3.950866      8.496        0.0
    406.500     2.0032     29.048   2.791349   3.950484      8.493        0.0
    406.750     2.0032     29.121   2.791349   3.950179      8.493        0.0
    407.000     2.0031     29.194   2.791349   3.951781      8.490        0.0
    407.250     2.0031     29.264   2.791349   3.951858      8.489        0.0
    407.500     2.0033     29.343   2.791349   3.950790      8.491        0.0
    407.750     2.0032     29.416   2.791325   3.951858      8.493        0.0
    408.000     2.0032     29.492   2.791367   3.953155      8.491        0.0
    408.250     2.0032     29.556   2.791373   3.951629      8.496        0.0
    408.500     2.0031     29.632   2.791349   3.952773      8.494        0.0
    408.750     2.0031     29.720   2.791349   3.953155      8.496        0.0
    409.000     2.0031     29.793   2.791325   3.952316      8.493        0.0
    409.250     2.0031     29.863   2.791349   3.952697      8.491        0.0
    409.500     2.0031     29.939   2.791374   3.952468      8.491        0.0
    409.750     2.0030     30.012   2.791349   3.952926      8.493        0.0
    410.000     2.0030     30.076   2.791368   3.953155      8.490        0.0
