docs/reference/SBE19plus_01908106_2023_06_18_0001.cnv
* Sea-Bird SBE19plus  Data File:
* FileName = C:\CTD\202301_162_L2\SBE19plus_01908106_2023_06_18_0001.hex
* Software version 2.8.0.119
* Temperature SN = 8106
* Conductivity SN = 8106
* System UpLoad Time = Jun 18 2023 18:06:49
* <ApplicationData>
* <Seaterm232>
# nquan = 7
# nvalues = 10937
# units = specified
# name 1 = timeS: Time, Elapsed [seconds]
# name 2 = tv290C: Temperature [ITS-90, deg C]
# name 3 = prdM: Pressure, Strain Gauge [db]
# name 4 = c0S/m: Conductivity [S/m]
# name 5 = sbeox0V: Oxygen raw, SBE 43 [V]
# name 6 = ph: pH
# name 7 = flag:  0.000e+00
# span 1 =          0,       2734
# span 2 =     1.9834,     3.1841
# span 3 =     -0.092,     41.076
# span 4 =   0.000514,   2.794697
# span 5 = 2.95765621423667, 3.99343862058442
# span 6 =        6.8,      8.535
# span 7 =          0,          0
# interval = seconds: 0.25
# start_time = Jun 18 2023 07:13:35 [Instrument's time stamp, header]
# bad_flag = -9.990e-29
*END*
[from data line 9642]
   2410.500     2.0146     35.242   2.794478   3.971923      8.519        0.0
   2410.750     2.0147     35.206   2.794478   3.971618      8.520        0.0
   2411.000     2.0147     35.175   2.794502   3.971695      8.518        0.0
   2411.250     2.0148     35.145   2.794459   3.971466      8.520        0.0
   2411.500     2.0148     35.090   2.794478   3.971466      8.518        0.0
   2411.750     2.0147     35.017   2.794478   3.971771      8.519        0.0
   2412.000     2.0148     34.941   2.794459   3.971695      8.520        0.0
   2412.250     2.0148     34.880   2.794478   3.972152      8.520        0.0
   2412.500     2.0147     34.801   2.794435   3.971695      8.522        0.0
   2412.750     2.0147     34.707   2.794417   3.972610      8.521        0.0
   2413.000     2.0146     34.616   2.794417   3.973144      8.519        0.0
   2413.250     2.0146     34.531   2.794399   3.973068      8.522        0.0
   2413.500     2.0145     34.443   2.794435   3.972992      8.520        0.0
   2413.750     2.0145     34.336   2.794374   3.972915      8.522        0.0
   2414.000     2.0145     34.242   2.794417   3.974517      8.518        0.0
   2414.250     2.0145     34.157   2.794417   3.972610      8.519        0.0
   2414.500     2.0147     34.066   2.794435   3.973068      8.519        0.0
   2414.750     2.0148     33.975   2.794435   3.972686      8.522        0.0
   2415.000     2.0148     33.914   2.794398   3.972763      8.521        0.0
   2415.250     2.0148     33.841   2.794392   3.973449      8.519        0.0
   2415.500     2.0148     33.777   2.794417   3.972610      8.519        0.0
   2415.750     2.0148     33.719   2.794417   3.972229      8.519        0.0
   2416.000     2.0150     33.661   2.794417   3.974060      8.523        0.0
   2416.250     2.0149     33.579   2.794398   3.973449      8.518        0.0
   2416.500     2.0149     33.503   2.794392   3.974060      8.521        0.0
   2416.750     2.0146     33.424   2.794374   3.973678      8.521        0.0
   2417.000     2.0147     33.336   2.794374   3.973144      8.520        0.0
   2417.250     2.0147     33.251   2.794392   3.975280      8.520        0.0
   2417.500     2.0147     33.181   2.794398   3.974136      8.519        0.0
   2417.750     2.0148     33.093   2.794368   3.974136      8.523        0.0
   2418.000     2.0148     33.023   2.794374   3.974212      8.523        0.0
   2418.250     2.0148     32.935   2.794356   3.975280      8.521        0.0
   2418.500     2.0147     32.874   2.794368   3.975128      8.518        0.0
   2418.750     2.0148     32.786   2.794356   3.974212      8.520        0.0
   2419.000     2.0148     32.710   2.794350   3.974594      8.519        0.0
   2419.250     2.0147     32.649   2.794356   3.973983      8.526        0.0
   2419.500     2.0147     32.588   2.794368   3.973678      8.523        0.0
   2419.750     2.0147     32.527   2.794374   3.973907      8.519        0.0
   2420.000     2.0148     32.461   2.794356   3.974594      8.519        0.0
   2420.250     2.0148     32.385   2.794350   3.974441      8.520        0.0
   2420.500     2.0147     32.342   2.794331   3.974823      8.519        0.0
   2420.750     2.0146     32.263   2.794325   3.973983      8.520        0.0
   2421.000     2.0146     32.205   2.794356   3.975814      8.523        0.0
   2421.250     2.0146     32.132   2.794350   3.974594      8.522        0.0
   2421.500     2.0148     32.059   2.794356   3.975128      8.517        0.0
   2421.750     2.0148     31.977   2.794331   3.975128      8.520        0.0
   2422.000     2.0147     31.892   2.794325   3.975280      8.522        0.0
   2422.250     2.0146     31.807   2.794313   3.974823      8.521        0.0
   2422.500     2.0148     31.719   2.794307   3.975128      8.520        0.0
   2422.750     2.0147     31.624   2.794271   3.975586      8.523        0.0
   2423.000     2.0144     31.521   2.794295   3.974594      8.519        0.0
   2423.250     2.0145     31.406   2.794307   3.974136      8.519        0.0
   2423.500     2.0146     31.317   2.794295   3.973754      8.523        0.0
   2423.750     2.0146     31.229   2.794283   3.974289      8.519        0.0
   2424.000     2.0146     31.138   2.794270   3.974289      8.520        0.0
   2424.250     2.0146     31.047   2.794295   3.973907      8.521        0.0
   2424.500     2.0146     30.950   2.794283   3.974212      8.519        0.0
   2424.750     2.0147     30.858   2.794252   3.972763      8.517        0.0
   2425.000     2.0147     30.776   2.794282   3.973754      8.519        0.0
   2425.250     2.0146     30.697   2.794252   3.972915      8.517        0.0
   2425.500     2.0145     30.615   2.794228   3.973068      8.522        0.0
   2425.750     2.0144     30.527   2.794240   3.974365      8.517        0.0
   2426.000     2.0145     30.442   2.794252   3.972992      8.519        0.0
   2426.250     2.0145     30.345   2.794258   3.972839      8.519        0.0
   2426.500     2.0146     30.226   2.794270   3.973602      8.517        0.0
   2426.750     2.0147     30.126   2.794252   3.973907      8.523        0.0
   2427.000     2.0146     30.050   2.794282   3.973754      8.524        0.0
   2427.250     2.0147     29.925   2.794270   3.973831      8.519        0.0
   2427.500     2.0150     29.806   2.794282   3.974212      8.516        0.0
   2427.750     2.0149     29.715   2.794270   3.974136      8.519        0.0
   2428.000     2.0150     29.597   2.794258   3.974746      8.521        0.0
   2428.250     2.0149     29.481   2.794252   3.973983      8.520        0.0
   2428.500     2.0149     29.375   2.794252   3.974441      8.519        0.0
   2428.750     2.0150     29.302   2.794258   3.973602      8.519        0.0
   2429.000     2.0148     29.241   2.794252   3.974594      8.523        0.0
   2429.250     2.0149     29.138   2.794240   3.974136      8.519        0.0
   2429.500     2.0150     29.025   2.794227   3.973754      8.520        0.0
   2429.750     2.0150     28.989   2.794209   3.974212      8.521        0.0
   2430.000     2.0151     28.849   2.794215   3.974365      8.517        0.0
   2430.250     2.0150     28.776   2.794252   3.972457      8.521        0.0
   2430.500     2.0152     28.785   2.794240   3.973144      8.523        0.0
   2430.750     2.0152     28.736   2.794227   3.972457      8.520        0.0
   2431.000     2.0152     28.700   2.794252   3.972763      8.523        0.0
   2431.250     2.0153     28.669   2.794258   3.972305      8.523        0.0
   2431.500     2.0154     28.618   2.794227   3.972915      8.526        0.0
   2431.750     2.0154     28.560   2.794215   3.973983      8.519        0.0
   2432.000     2.0154     28.493   2.794209   3.974594      8.522        0.0
   2432.250     2.0154     28.423   2.794227   3.975357      8.521        0.0
   2432.500     2.0153     28.362   2.794167   3.973678      8.519        0.0
   2432.750     2.0152     28.268   2.794124   3.974517      8.520        0.0
   2433.000     2.0148     28.186   2.794197   3.974670      8.519        0.0
   2433.250     2.0149     28.119   2.794167   3.975586      8.522        0.0
   2433.500     2.0149     28.046   2.794197   3.974899      8.523        0.0
   2433.750     2.0148     27.982   2.794191   3.975280      8.521        0.0
   2434.000     2.0149     27.885   2.794124   3.975357      8.519        0.0
   2434.250     2.0148     27.815   2.794130   3.975814      8.523        0.0
   2434.500     2.0147     27.739   2.794088   3.975204      8.524        0.0
   2434.750     2.0144     27.666   2.794130   3.975662      8.518        0.0
   2435.000     2.0144     27.587   2.794166   3.976730      8.522        0.0
   2435.250     2.0146     27.505   2.794148   3.976425      8.517        0.0
   2435.500     2.0147     27.426   2.794130   3.975280      8.524        0.0
   2435.750     2.0148     27.359   2.794124   3.975128      8.520        0.0
   2436.000     2.0147     27.283   2.794130   3.976349      8.520        0.0
   2436.250     2.0147     27.225   2.794088   3.976577      8.520        0.0
   2436.500     2.0144     27.134   2.794045   3.976196      8.524        0.0
   2436.750     2.0142     27.052   2.794045   3.976959      8.519        0.0
   2437.000     2.0141     26.979   2.794003   3.976272      8.519        0.0
   2437.250     2.0138     26.885   2.794021   3.974975      8.519        0.0
   2437.500     2.0137     26.791   2.794021   3.976120      8.525        0.0
   2437.750     2.0135     26.702   2.794021   3.976272      8.518        0.0
   2438.000     2.0136     26.620   2.794003   3.976730      8.516        0.0
   2438.250     2.0135     26.505   2.793984   3.975509      8.521        0.0
   2438.500     2.0134     26.411   2.793936   3.975280      8.520        0.0
   2438.750     2.0132     26.322   2.793984   3.975280      8.519        0.0
   2439.000     2.0132     26.228   2.793918   3.975433      8.519        0.0
   2439.250     2.0129     26.128   2.793869   3.975280      8.523        0.0
   2439.500     2.0124     26.037   2.793881   3.975662      8.519        0.0
   2439.750     2.0122     25.955   2.793845   3.975280      8.521        0.0
   2440.000     2.0121     25.860   2.793736   3.976654      8.520        0.0
   2440.250     2.0113     25.778   2.793693   3.976425      8.521        0.0
   2440.500     2.0104     25.693   2.793711   3.975586      8.521        0.0
   2440.750     2.0102     25.626   2.793675   3.975204      8.518        0.0
   2441.000     2.0099     25.559   2.793608   3.975509      8.521        0.0
   2441.250     2.0094     25.495   2.793693   3.974823      8.522        0.0
   2441.500     2.0096     25.423   2.793784   3.975051      8.517        0.0
   2441.750     2.0101     25.365   2.793736   3.975051      8.521        0.0
   2442.000     2.0104     25.298   2.793754   3.976349      8.523        0.0
   2442.250     2.0106     25.231   2.793693   3.974746      8.520        0.0
   2442.500     2.0104     25.167   2.793651   3.975051      8.523        0.0
   2442.750     2.0100     25.109   2.793584   3.974212      8.519        0.0
   2443.000     2.0093     25.061   2.793548   3.974212      8.519        0.0
   2443.250     2.0088     24.988   2.793548   3.975433      8.522        0.0
   2443.500     2.0084     24.924   2.793651   3.974670      8.520        0.0
   2443.750     2.0088     24.860   2.793711   3.975280      8.524        0.0
   2444.000     2.0095     24.796   2.793784   3.975433      8.521        0.0
   2444.250     2.0102     24.738   2.793778   3.974441      8.522        0.0
   2444.500     2.0107     24.665   2.793735   3.974594      8.520        0.0
   2444.750     2.0108     24.586   2.793717   3.974289      8.519        0.0
   2445.000     2.0108     24.520   2.793711   3.974289      8.519        0.0
   2445.250     2.0107     24.431   2.793693   3.974594      8.519        0.0
   2445.500     2.0105     24.349   2.793693   3.975967      8.524        0.0
   2445.750     2.0104     24.276   2.793693   3.975509      8.522        0.0
   2446.000     2.0105     24.209   2.793717   3.976120      8.521        0.0
   2446.250     2.0105     24.136   2.793693   3.976959      8.520        0.0
   2446.500     2.0106     24.063   2.793717   3.975814      8.519        0.0
   2446.750     2.0105     23.987   2.793711   3.976120      8.519        0.0
   2447.000     2.0108     23.924   2.793711   3.976349      8.521        0.0
   2447.250     2.0109     23.860   2.793711   3.976120      8.522        0.0
   2447.500     2.0109     23.805   2.793711   3.975662      8.520        0.0
   2447.750     2.0109     23.759   2.793717   3.977264      8.523        0.0
   2448.000     2.0110     23.705   2.793711   3.975280      8.522        0.0
   2448.250     2.0111     23.641   2.793735   3.976120      8.520        0.0
   2448.500     2.0112     23.574   2.793753   3.976883      8.520        0.0
   2448.750     2.0114     23.504   2.793856   3.975509      8.521        0.0
   2449.000     2.0119     23.434   2.793844   3.975051      8.519        0.0
   2449.250     2.0124     23.370   2.793838   3.976120      8.524        0.0
   2449.500     2.0127     23.297   2.793868   3.975891      8.522        0.0
   2449.750     2.0129     23.224   2.793838   3.975509      8.520        0.0
   2450.000     2.0131     23.167   2.793856   3.975128      8.520        0.0
   2450.250     2.0131     23.103   2.793868   3.975891      8.519        0.0
   2450.500     2.0131     23.045   2.793856   3.974823      8.521        0.0
   2450.750     2.0131     22.984   2.793802   3.975967      8.521        0.0
   2451.000     2.0129     22.945   2.793796   3.975509      8.518        0.0
   2451.250     2.0125     22.896   2.793796   3.974594      8.522        0.0
   2451.500     2.0126     22.841   2.793826   3.975509      8.525        0.0
   2451.750     2.0127     22.796   2.793814   3.975128      8.520        0.0
   2452.000     2.0128     22.756   2.793826   3.974975      8.523        0.0
   2452.250     2.0128     22.711   2.793838   3.974670      8.518        0.0
   2452.500     2.0130     22.659   2.793856   3.975128      8.520        0.0
   2452.750     2.0131     22.610   2.793844   3.975128      8.524        0.0
   2453.000     2.0131     22.537   2.793838   3.974517      8.521        0.0
   2453.250     2.0132     22.477   2.793826   3.975280      8.522        0.0
   2453.500     2.0131     22.416   2.793795   3.975204      8.521        0.0
   2453.750     2.0129     22.346   2.793795   3.975662      8.521        0.0
   2454.000     2.0130     22.291   2.793826   3.976043      8.521        0.0
   2454.250     2.0130     22.224   2.793777   3.976272      8.523        0.0
   2454.500     2.0127     22.176   2.793759   3.977493      8.520        0.0
   2454.750     2.0127     22.115   2.793753   3.975738      8.520        0.0
   2455.000     2.0126     22.063   2.793753   3.976043      8.522        0.0
   2455.250     2.0124     22.005   2.793753   3.975814      8.521        0.0
   2455.500     2.0124     21.963   2.793777   3.974899      8.522        0.0
   2455.750     2.0124     21.911   2.793759   3.975128      8.522        0.0
   2456.000     2.0124     21.872   2.793753   3.974823      8.524        0.0
   2456.250     2.0124     21.826   2.793759   3.974746      8.518        0.0
   2456.500     2.0125     21.786   2.793735   3.974136      8.523        0.0
   2456.750     2.0124     21.738   2.793692   3.973144      8.521        0.0
   2457.000     2.0119     21.689   2.793607   3.973449      8.521        0.0
   2457.250     2.0114     21.650   2.793650   3.973983      8.524        0.0
   2457.500     2.0112     21.610   2.793674   3.973983      8.522        0.0
   2457.750     2.0114     21.558   2.793650   3.973144      8.521        0.0
   2458.000     2.0114     21.510   2.793528   3.973068      8.523        0.0
   2458.250     2.0107     21.467   2.793522   3.974365      8.522        0.0
   2458.500     2.0103     21.409   2.793486   3.973297      8.521        0.0
   2458.750     2.0100     21.361   2.793456   3.972610      8.519        0.0
   2459.000     2.0094     21.306   2.793341   3.973144      8.525        0.0
   2459.250     2.0087     21.263   2.793341   3.972915      8.521        0.0
   2459.500     2.0081     21.212   2.793347   3.972763      8.520        0.0
   2459.750     2.0077     21.172   2.793341   3.973220      8.521        0.0
   2460.000     2.0075     21.121   2.793322   3.972915      8.521        0.0
   2460.250     2.0074     21.078   2.793280   3.972839      8.521        0.0
   2460.500     2.0071     21.029   2.793280   3.973297      8.524        0.0
   2460.750     2.0071     20.978   2.793304   3.972839      8.525        0.0
   2461.000     2.0070     20.932   2.793322   3.973144      8.521        0.0
   2461.250     2.0073     20.893   2.793304   3.973602      8.519        0.0
