docs/reference/SBE19plus_01908106_2023_06_18_0001.cnv
* Sea-Bird SBE19plus  Data File:
* FileName = C:\CTD\202301_162_L2\SBE19plus_01908106_2023_06_18_0001.hex
* Software version 2.8.0.119
* Temperature SN = 8106
* Conductivity SN = 8106
* System UpLoad Time = Jun 18 2023 18:06:49
* <ApplicationData>
* <Seaterm232>
# nquan = 7
# nvalues = 10937
# units = specified
# name 1 = timeS: Time, Elapsed [seconds]
# name 2 = tv290C: Temperature [ITS-90, deg C]
# name 3 = prdM: Pressure, Strain Gauge [db]
# name 4 = c0S/m: Conductivity [S/m]
# name 5 = sbeox0V: Oxygen raw, SBE 43 [V]
# name 6 = ph: pH
# name 7 = flag:  0.000e+00
# span 1 =          0,       2734
# span 2 =     1.9834,     3.1841
# span 3 =     -0.092,     41.076
# span 4 =   0.000514,   2.794697
# span 5 = 2.95765621423667, 3.99343862058442
# span 6 =        6.8,      8.535
# span 7 =          0,          0
# interval = seconds: 0.25
# start_time = Jun 18 2023 07:13:35 [Instrument's time stamp, header]
# bad_flag = -9.990e-29
*END*
[from data line 2667]
    666.750     2.0035     40.231   2.792025   3.953307      8.504        0.0
    667.000     2.0032     40.231   2.792031   3.952926      8.504        0.0
    667.250     2.0031     40.224   2.792031   3.952163      8.503        0.0
    667.500     2.0031     40.234   2.792067   3.952316      8.503        0.0
    667.750     2.0031     40.221   2.792031   3.951629      8.505        0.0
    668.000     2.0032     40.215   2.792091   3.951934      8.503        0.0
    668.250     2.0033     40.240   2.792031   3.951705      8.504        0.0
    668.500     2.0034     40.243   2.792049   3.951629      8.506        0.0
    668.750     2.0034     40.243   2.792067   3.951247      8.505        0.0
    669.000     2.0034     40.258   2.792073   3.951934      8.504        0.0
    669.250     2.0034     40.258   2.792091   3.950866      8.508        0.0
    669.500     2.0035     40.249   2.792116   3.951858      8.503        0.0
    669.750     2.0037     40.249   2.792134   3.951934      8.508        0.0
    670.000     2.0038     40.267   2.792134   3.950866      8.502        0.0
    670.250     2.0039     40.264   2.792116   3.951858      8.504        0.0
    670.500     2.0039     40.276   2.792134   3.951247      8.501        0.0
    670.750     2.0039     40.285   2.792134   3.952163      8.502        0.0
    671.000     2.0040     40.276   2.792134   3.950179      8.505        0.0
    671.250     2.0038     40.285   2.792091   3.950484      8.503        0.0
    671.500     2.0038     40.282   2.792073   3.949798      8.501        0.0
    671.750     2.0038     40.279   2.792134   3.950561      8.506        0.0
    672.000     2.0039     40.288   2.792134   3.950408      8.504        0.0
    672.250     2.0039     40.279   2.792134   3.949874      8.504        0.0
    672.500     2.0039     40.279   2.792091   3.952010      8.505        0.0
    672.750     2.0038     40.273   2.792116   3.951324      8.503        0.0
    673.000     2.0038     40.267   2.792158   3.949950      8.508        0.0
    673.250     2.0039     40.252   2.792152   3.950713      8.500        0.0
    673.500     2.0039     40.243   2.792152   3.950866      8.505        0.0
    673.750     2.0040     40.243   2.792158   3.950866      8.504        0.0
    674.000     2.0041     40.234   2.792152   3.951781      8.504        0.0
    674.250     2.0039     40.231   2.792134   3.950637      8.504        0.0
    674.500     2.0039     40.221   2.792152   3.951247      8.504        0.0
    674.750     2.0039     40.221   2.792152   3.951171      8.504        0.0
    675.000     2.0041     40.218   2.792158   3.950637      8.500        0.0
    675.250     2.0041     40.221   2.792152   3.951019      8.503        0.0
    675.500     2.0039     40.240   2.792134   3.951400      8.505        0.0
    675.750     2.0039     40.228   2.792134   3.952010      8.508        0.0
    676.000     2.0038     40.228   2.792152   3.951324      8.504        0.0
    676.250     2.0039     40.246   2.792134   3.950637      8.502        0.0
    676.500     2.0039     40.249   2.792152   3.951095      8.504        0.0
    676.750     2.0039     40.261   2.792158   3.951171      8.500        0.0
    677.000     2.0040     40.261   2.792152   3.953002      8.506        0.0
    677.250     2.0040     40.267   2.792152   3.952087      8.508        0.0
    677.500     2.0041     40.288   2.792134   3.951705      8.505        0.0
    677.750     2.0040     40.285   2.792152   3.951400      8.503        0.0
    678.000     2.0040     40.297   2.792158   3.951858      8.506        0.0
    678.250     2.0040     40.297   2.792176   3.952087      8.505        0.0
    678.500     2.0040     40.304   2.792152   3.952926      8.506        0.0
    678.750     2.0041     40.322   2.792200   3.952316      8.504        0.0
    679.000     2.0042     40.313   2.792176   3.952773      8.502        0.0
    679.250     2.0042     40.310   2.792200   3.951934      8.506        0.0
    679.500     2.0044     40.325   2.792176   3.952773      8.504        0.0
    679.750     2.0044     40.328   2.792194   3.952850      8.505        0.0
    680.000     2.0044     40.325   2.792176   3.952544      8.505        0.0
    680.250     2.0045     40.325   2.792176   3.953765      8.503        0.0
    680.500     2.0044     40.316   2.792176   3.953307      8.506        0.0
    680.750     2.0042     40.313   2.792152   3.953918      8.505        0.0
    681.000     2.0041     40.294   2.792152   3.953460      8.504        0.0
    681.250     2.0039     40.297   2.792134   3.953384      8.503        0.0
    681.500     2.0038     40.285   2.792134   3.954147      8.505        0.0
    681.750     2.0038     40.279   2.792134   3.954299      8.505        0.0
    682.000     2.0037     40.261   2.792152   3.953460      8.504        0.0
    682.250     2.0036     40.270   2.792152   3.953231      8.505        0.0
    682.500     2.0038     40.258   2.792176   3.954299      8.504        0.0
    682.750     2.0039     40.243   2.792152   3.952621      8.503        0.0
    683.000     2.0039     40.246   2.792176   3.951400      8.501        0.0
    683.250     2.0040     40.240   2.792176   3.952544      8.504        0.0
    683.500     2.0042     40.243   2.792176   3.952239      8.505        0.0
    683.750     2.0042     40.240   2.792176   3.952468      8.504        0.0
    684.000     2.0042     40.249   2.792176   3.952926      8.504        0.0
    684.250     2.0043     40.240   2.792176   3.952926      8.505        0.0
    684.500     2.0043     40.240   2.792152   3.952163      8.505        0.0
    684.750     2.0043     40.243   2.792152   3.952468      8.502        0.0
    685.000     2.0044     40.243   2.792176   3.952316      8.506        0.0
    685.250     2.0045     40.237   2.792176   3.951705      8.503        0.0
    685.500     2.0044     40.240   2.792176   3.952010      8.505        0.0
    685.750     2.0044     40.237   2.792176   3.951324      8.505        0.0
    686.000     2.0044     40.255   2.792176   3.952316      8.503        0.0
    686.250     2.0044     40.267   2.792200   3.951324      8.503        0.0
    686.500     2.0043     40.279   2.792176   3.951781      8.501        0.0
    686.750     2.0043     40.307   2.792200   3.951553      8.507        0.0
    687.000     2.0043     40.322   2.792152   3.951400      8.505        0.0
    687.250     2.0042     40.340   2.792152   3.951095      8.507        0.0
    687.500     2.0041     40.352   2.792176   3.951629      8.500        0.0
    687.750     2.0040     40.373   2.792176   3.952010      8.504        0.0
    688.000     2.0039     40.392   2.792176   3.950484      8.504        0.0
    688.250     2.0040     40.401   2.792194   3.951324      8.505        0.0
    688.500     2.0041     40.401   2.792176   3.951095      8.505        0.0
    688.750     2.0042     40.404   2.792176   3.950332      8.505        0.0
    689.000     2.0042     40.386   2.792152   3.950637      8.506        0.0
    689.250     2.0040     40.370   2.792158   3.950790      8.505        0.0
    689.500     2.0039     40.343   2.792152   3.950637      8.503        0.0
    689.750     2.0039     40.325   2.792134   3.951324      8.505        0.0
    690.000     2.0038     40.307   2.792158   3.951858      8.503        0.0
    690.250     2.0039     40.273   2.792134   3.952926      8.504        0.0
    690.500     2.0037     40.249   2.792158   3.950637      8.505        0.0
    690.750     2.0038     40.234   2.792134   3.951476      8.507        0.0
    691.000     2.0038     40.225   2.792152   3.950713      8.504        0.0
    691.250     2.0039     40.215   2.792176   3.951095      8.505        0.0
    691.500     2.0039     40.209   2.792194   3.951629      8.504        0.0
    691.750     2.0040     40.197   2.792176   3.951476      8.501        0.0
    692.000     2.0041     40.194   2.792194   3.952010      8.507        0.0
    692.250     2.0041     40.194   2.792152   3.950561      8.504        0.0
    692.500     2.0040     40.191   2.792200   3.950866      8.502        0.0
    692.750     2.0042     40.176   2.792219   3.950484      8.501        0.0
    693.000     2.0042     40.188   2.792200   3.949264      8.503        0.0
    693.250     2.0043     40.188   2.792194   3.949722      8.503        0.0
    693.500     2.0043     40.188   2.792219   3.949645      8.502        0.0
    693.750     2.0043     40.200   2.792176   3.949493      8.504        0.0
    694.000     2.0043     40.212   2.792194   3.949340      8.502        0.0
    694.250     2.0042     40.218   2.792176   3.948806      8.502        0.0
    694.500     2.0043     40.234   2.792194   3.949187      8.505        0.0
    694.750     2.0041     40.246   2.792152   3.950027      8.505        0.0
    695.000     2.0041     40.258   2.792158   3.949569      8.507        0.0
    695.250     2.0041     40.273   2.792134   3.949187      8.505        0.0
    695.500     2.0041     40.285   2.792176   3.949493      8.504        0.0
    695.750     2.0040     40.304   2.792152   3.949645      8.505        0.0
    696.000     2.0039     40.310   2.792176   3.949950      8.505        0.0
    696.250     2.0041     40.322   2.792176   3.949111      8.501        0.0
    696.500     2.0041     40.334   2.792194   3.951019      8.505        0.0
    696.750     2.0042     40.340   2.792176   3.951781      8.507        0.0
    697.000     2.0043     40.337   2.792176   3.951171      8.503        0.0
    697.250     2.0042     40.343   2.792116   3.952163      8.508        0.0
    697.500     2.0043     40.352   2.792176   3.951858      8.502        0.0
    697.750     2.0042     40.346   2.792152   3.952926      8.504        0.0
    698.000     2.0041     40.358   2.792158   3.952697      8.504        0.0
    698.250     2.0041     40.361   2.792176   3.952773      8.503        0.0
    698.500     2.0040     40.358   2.792152   3.952926      8.503        0.0
    698.750     2.0041     40.367   2.792134   3.952163      8.505        0.0
    699.000     2.0040     40.355   2.792152   3.952468      8.506        0.0
    699.250     2.0039     40.380   2.792158   3.952926      8.507        0.0
    699.500     2.0040     40.355   2.792116   3.952010      8.502        0.0
    699.750     2.0040     40.337   2.792134   3.952621      8.504        0.0
    700.000     2.0040     40.346   2.792116   3.951781      8.503        0.0
    700.250     2.0040     40.343   2.792116   3.953079      8.501        0.0
    700.500     2.0040     40.322   2.792134   3.952316      8.505        0.0
    700.750     2.0038     40.316   2.792116   3.951476      8.505        0.0
    701.000     2.0038     40.304   2.792091   3.953460      8.501        0.0
    701.250     2.0038     40.276   2.792134   3.951400      8.505        0.0
    701.500     2.0039     40.276   2.792134   3.953002      8.505        0.0
    701.750     2.0039     40.255   2.792116   3.951247      8.502        0.0
    702.000     2.0039     40.249   2.792116   3.950942      8.503        0.0
    702.250     2.0039     40.246   2.792116   3.951629      8.505        0.0
    702.500     2.0038     40.237   2.792116   3.951553      8.505        0.0
    702.750     2.0038     40.246   2.792091   3.951858      8.505        0.0
    703.000     2.0039     40.255   2.792134   3.952239      8.502        0.0
    703.250     2.0038     40.261   2.792176   3.952926      8.501        0.0
    703.500     2.0040     40.279   2.792176   3.951324      8.508        0.0
    703.750     2.0042     40.282   2.792158   3.951934      8.505        0.0
    704.000     2.0042     40.294   2.792116   3.951934      8.503        0.0
    704.250     2.0041     40.291   2.792158   3.952926      8.502        0.0
    704.500     2.0040     40.307   2.792116   3.951781      8.500        0.0
    704.750     2.0040     40.304   2.792116   3.952316      8.506        0.0
    705.000     2.0039     40.294   2.792134   3.952087      8.506        0.0
    705.250     2.0039     40.301   2.792091   3.951324      8.504        0.0
    705.500     2.0039     40.297   2.792116   3.953002      8.509        0.0
    705.750     2.0039     40.291   2.792116   3.952850      8.507        0.0
    706.000     2.0038     40.276   2.792091   3.952468      8.505        0.0
    706.250     2.0037     40.270   2.792116   3.951400      8.505        0.0
    706.500     2.0037     40.273   2.792134   3.952316      8.505        0.0
    706.750     2.0037     40.255   2.792158   3.951629      8.507        0.0
    707.000     2.0038     40.246   2.792116   3.951934      8.507        0.0
    707.250     2.0040     40.231   2.792091   3.951858      8.507        0.0
    707.500     2.0039     40.225   2.792091   3.951400      8.505        0.0
    707.750     2.0037     40.222   2.792091   3.952163      8.507        0.0
    708.000     2.0037     40.228   2.792134   3.951476      8.504        0.0
    708.250     2.0037     40.222   2.792152   3.951934      8.505        0.0
    708.500     2.0040     40.228   2.792176   3.951476      8.504        0.0
    708.750     2.0041     40.237   2.792176   3.950790      8.507        0.0
    709.000     2.0041     40.249   2.792134   3.950942      8.504        0.0
    709.250     2.0042     40.261   2.792134   3.950790      8.505        0.0
    709.500     2.0041     40.279   2.792176   3.950713      8.506        0.0
    709.750     2.0042     40.282   2.792176   3.950790      8.506        0.0
    710.000     2.0043     40.294   2.792176   3.951324      8.505        0.0
    710.250     2.0043     40.304   2.792134   3.950332      8.504        0.0
    710.500     2.0041     40.325   2.792152   3.951171      8.505        0.0
    710.750     2.0041     40.325   2.792134   3.951858      8.503        0.0
    711.000     2.0042     40.325   2.792134   3.952316      8.502        0.0
    711.250     2.0042     40.340   2.792134   3.952697      8.508        0.0
    711.500     2.0041     40.355   2.792134   3.952697      8.505        0.0
    711.750     2.0041     40.346   2.792134   3.953841      8.505        0.0
    712.000     2.0040     40.343   2.792158   3.952621      8.505        0.0
    712.250     2.0040     40.352   2.792134   3.952773      8.502        0.0
    712.500     2.0040     40.334   2.792158   3.952850      8.505        0.0
    712.750     2.0040     40.334   2.792116   3.952239      8.507        0.0
    713.000     2.0038     40.343   2.792152   3.951476      8.506        0.0
    713.250     2.0040     40.328   2.792134   3.951629      8.505        0.0
    713.500     2.0039     40.325   2.792134   3.951476      8.505        0.0
    713.750     2.0039     40.310   2.792134   3.949950      8.503        0.0
    714.000     2.0038     40.310   2.792116   3.952163      8.505        0.0
    714.250     2.0038     40.294   2.792116   3.950713      8.505        0.0
    714.500     2.0037     40.301   2.792116   3.951400      8.508        0.0
    714.750     2.0036     40.291   2.792091   3.951629      8.505        0.0
    715.000     2.0036     40.285   2.792116   3.951324      8.506        0.0
    715.250     2.0034     40.285   2.792116   3.952087      8.505        0.0
    715.500     2.0035     40.291   2.792091   3.951705      8.507        0.0
    715.750     2.0035     40.288   2.792116   3.951629      8.503        0.0
    716.000     2.0035     40.288   2.792091   3.951324      8.507        0.0
    716.250     2.0036     40.298   2.792116   3.951324      8.504        0.0
    716.500     2.0035     40.319   2.792091   3.951934      8.508        0.0
    716.750     2.0035     40.313   2.792116   3.951324      8.509        0.0
    717.000     2.0036     40.316   2.792134   3.950408      8.508        0.0
    717.250     2.0036     40.310   2.792116   3.949798      8.508        0.0
    717.500     2.0036     40.310   2.792091   3.950408      8.503        0.0
